"node_id" "tags" "dpub"
"1" "" "1"
"2" "" "2"
"3" "" "3"
"4" "" "4"
"5" "" "5"
"6" "" "6"
"7" "chuzzlewit::can, william::can" "7"
"8" "" "8"
"9" "" "9"
"10" "" "10"
"11" "" "11"
"12" "" "12"
"13" "" "13"
"14" "" "14"
"15" "" "15"
"16" "" "16"
"17" "" "17"
"18" "" "18"
"19" "" "19"
"20" "" "20"
"21" "" "21"
"22" "" "22"
"23" "" "23"
"24" "" "24"
"25" "" "25"
"26" "" "26"
"27" "" "27"
"28" "" "28"
"29" "" "29"
"30" "" "30"
"31" "" "31"
"32" "diggory_chuzzlewit::letters, duke_humphrey::letters" "32"
"33" "duke_humphrey::full" "33"
"34" "" "34"
"35" "" "35"
"36" "toby_chuzzlewit::distinct, toby_chuzzlewit::secret" "36"
"37" "" "37"
"38" "" "38"
"39" "" "39"
"40" "toby_chuzzlewit::name" "40"
"41" "" "41"
"42" "" "42"
"43" "" "43"
"44" "" "44"
"45" "diggory::mug" "45"
"46" "" "46"
"47" "diggory::present" "47"
"48" "" "48"
"49" "" "49"
"50" "" "50"
"51" "" "51"
"52" "" "52"
"53" "" "53"
"54" "" "54"
"55" "" "55"
"56" "" "56"
"57" "" "57"
"58" "adam::little, blumenbach::little" "58"
"59" "" "59"
"60" "" "60"
"61" "" "61"
"62" "" "62"
"63" "" "63"
"64" "" "64"
"65" "" "65"
"66" "" "66"
"67" "" "67"
"68" "" "68"
"69" "" "69"
"70" "" "70"
"71" "" "71"
"72" "" "72"
"73" "" "73"
"74" "" "74"
"75" "" "75"
"76" "" "76"
"77" "" "77"
"78" "" "78"
"79" "" "79"
"80" "pecksniff::back, pecksniff::open" "80"
"81" "" "81"
"82" "pecksniff::street" "82"
"83" "" "83"
"84" "" "84"
"85" "" "85"
"86" "pecksniff::round" "86"
"87" "" "87"
"88" "" "88"
"89" "" "89"
"90" "" "90"
"91" "" "91"
"92" "pecksniff::two" "92"
"93" "" "93"
"94" "pecksniff::open, pecksniff::toy, pecksniffs::open, pecksniffs::toy" "94"
"95" "" "95"
"96" "" "96"
"97" "" "97"
"98" "" "98"
"99" "" "99"
"100" "" "100"
"101" "pecksniff::back, pecksniff::umbrella" "101"
"102" "pecksniff::back" "102"
"103" "pecksniff::ready" "103"
"104" "pecksniff::station" "104"
"105" "pecksniff::legs, pecksniff::position" "105"
"106" "" "106"
"107" "" "107"
"108" "" "108"
"109" "" "109"
"110" "pecksniff::fresh, pecksniff::full" "110"
"111" "" "111"
"112" "" "112"
"113" "" "113"
"114" "pecksniff::name" "114"
"115" "pecksniff::name" "115"
"116" "" "116"
"117" "" "117"
"118" "" "118"
"119" "" "119"
"120" "" "120"
"121" "" "121"
"122" "" "122"
"123" "pecksniff::thought" "123"
"124" "" "124"
"125" "" "125"
"126" "" "126"
"127" "" "127"
"128" "" "128"
"129" "" "129"
"130" "pecksniff::book, pecksniff::copy" "130"
"131" "" "131"
"132" "" "132"
"133" "" "133"
"134" "" "134"
"135" "pecksniff::calm" "135"
"136" "" "136"
"137" "pecksniff::person" "137"
"138" "" "138"
"139" "pecksniff::black" "139"
"140" "pecksniff::plate" "140"
"141" "" "141"
"142" "pecksniff::known" "142"
"143" "" "143"
"144" "" "144"
"145" "" "145"
"146" "pecksniff::gorgeous, pecksniff::room" "146"
"147" "pecksniff::round" "147"
"148" "" "148"
"149" "" "149"
"150" "" "150"
"151" "" "151"
"152" "" "152"
"153" "" "153"
"154" "" "154"
"155" "" "155"
"156" "pecksniff::hand" "156"
"157" "" "157"
"158" "" "158"
"159" "" "159"
"160" "pecksniff::object" "160"
"161" "" "161"
"162" "" "162"
"163" "" "163"
"164" "pecksniff::finger" "164"
"165" "" "165"
"166" "pecksniff::daughter" "166"
"167" "" "167"
"168" "" "168"
"169" "pecksniff::daughter" "169"
"170" "" "170"
"171" "" "171"
"172" "" "172"
"173" "" "173"
"174" "" "174"
"175" "" "175"
"176" "" "176"
"177" "" "177"
"178" "" "178"
"179" "" "179"
"180" "" "180"
"181" "" "181"
"182" "" "182"
"183" "" "183"
"184" "" "184"
"185" "" "185"
"186" "pecksniff::tranquil, tut::tranquil" "186"
"187" "" "187"
"188" "" "188"
"189" "" "189"
"190" "" "190"
"191" "" "191"
"192" "" "192"
"193" "john_westlock::box" "193"
"194" "" "194"
"195" "" "195"
"196" "" "196"
"197" "" "197"
"198" "" "198"
"199" "" "199"
"200" "" "200"
"201" "" "201"
"202" "" "202"
"203" "" "203"
"204" "" "204"
"205" "john_westlock::box" "205"
"206" "" "206"
"207" "" "207"
"208" "pecksniff::back, pecksniff::hand" "208"
"209" "" "209"
"210" "pecksniff::strange" "210"
"211" "pecksniff::hand, pecksniff::lock" "211"
"212" "" "212"
"213" "" "213"
"214" "mr_pinch::open, pecksniff::open, westlock::open" "214"
"215" "" "215"
"216" "" "216"
"217" "" "217"
"218" "" "218"
"219" "" "219"
"220" "" "220"
"221" "westlock::little" "221"
"222" "" "222"
"223" "" "223"
"224" "" "224"
"225" "" "225"
"226" "pecksniff::hand" "226"
"227" "mr_pinch::two, pecksniffs::two" "227"
"228" "" "228"
"229" "" "229"
"230" "" "230"
"231" "" "231"
"232" "westlock::two" "232"
"233" "" "233"
"234" "" "234"
"235" "" "235"
"236" "" "236"
"237" "" "237"
"238" "john::#-reply, john::first, pecksniff::#-reply, pecksniff::first" "238"
"239" "" "239"
"240" "" "240"
"241" "" "241"
"242" "" "242"
"243" "" "243"
"244" "" "244"
"245" "" "245"
"246" "john::#-move, john::wrong" "246"
"247" "" "247"
"248" "" "248"
"249" "" "249"
"250" "" "250"
"251" "" "251"
"252" "" "252"
"253" "" "253"
"254" "" "254"
"255" "" "255"
"256" "pecksniff::two" "256"
"257" "pecksniff::person" "257"
"258" "" "258"
"259" "pecksniff::beg" "259"
"260" "" "260"
"261" "" "261"
"262" "" "262"
"263" "" "263"
"264" "" "264"
"265" "" "265"
"266" "" "266"
"267" "" "267"
"268" "" "268"
"269" "" "269"
"270" "westlock::laugh" "270"
"271" "" "271"
"272" "" "272"
"273" "" "273"
"274" "" "274"
"275" "" "275"
"276" "" "276"
"277" "" "277"
"278" "" "278"
"279" "" "279"
"280" "" "280"
"281" "" "281"
"282" "" "282"
"283" "" "283"
"284" "" "284"
"285" "john::money" "285"
"286" "john::legs" "286"
"287" "" "287"
"288" "" "288"
"289" "john::little" "289"
"290" "" "290"
"291" "" "291"
"292" "" "292"
"293" "" "293"
"294" "" "294"
"295" "" "295"
"296" "" "296"
"297" "" "297"
"298" "" "298"
"299" "" "299"
"300" "" "300"
"301" "" "301"
"302" "" "302"
"303" "" "303"
"304" "" "304"
"305" "" "305"
"306" "" "306"
"307" "" "307"
"308" "mr_pinch::large, tom::large" "308"
"309" "" "309"
"310" "" "310"
"311" "" "311"
"312" "" "312"
"313" "" "313"
"314" "" "314"
"315" "" "315"
"316" "" "316"
"317" "" "317"
"318" "pecksniff::name, tom::name" "318"
"319" "" "319"
"320" "" "320"
"321" "tom::end, tom::hand" "321"
"322" "" "322"
"323" "" "323"
"324" "" "324"
"325" "" "325"
"326" "" "326"
"327" "" "327"
"328" "" "328"
"329" "" "329"
"330" "" "330"
"331" "" "331"
"332" "john_westlock::roof" "332"
"333" "" "333"
"334" "" "334"
"335" "" "335"
"336" "" "336"
"337" "" "337"
"338" "pecksniff::near, pecksniff::polite" "338"
"339" "" "339"
"340" "" "340"
"341" "pecksniff::first, pecksniff::present" "341"
"342" "" "342"
"343" "" "343"
"344" "" "344"
"345" "" "345"
"346" "" "346"
"347" "pecksniff::iron" "347"
"348" "" "348"
"349" "pecksniff::#-person" "349"
"350" "pecksniff::rigid" "350"
"351" "pecksniff::person" "351"
"352" "pecksniff::actually, pecksniff::first" "352"
"353" "" "353"
"354" "pecksniff::time" "354"
"355" "pecksniff::spiritual" "355"
"356" "" "356"
"357" "pecksniff::first, pecksniff::two" "357"
"358" "" "358"
"359" "" "359"
"360" "" "360"
"361" "pecksniff::full" "361"
"362" "pecksniff::black" "362"
"363" "" "363"
"364" "" "364"
"365" "" "365"
"366" "" "366"
"367" "" "367"
"368" "" "368"
"369" "" "369"
"370" "" "370"
"371" "" "371"
"372" "" "372"
"373" "" "373"
"374" "" "374"
"375" "" "375"
"376" "" "376"
"377" "" "377"
"378" "" "378"
"379" "" "379"
"380" "" "380"
"381" "" "381"
"382" "" "382"
"383" "" "383"
"384" "" "384"
"385" "" "385"
"386" "" "386"
"387" "" "387"
"388" "" "388"
"389" "" "389"
"390" "" "390"
"391" "" "391"
"392" "" "392"
"393" "" "393"
"394" "" "394"
"395" "" "395"
"396" "" "396"
"397" "" "397"
"398" "" "398"
"399" "" "399"
"400" "" "400"
"401" "" "401"
"402" "" "402"
"403" "" "403"
"404" "" "404"
"405" "" "405"
"406" "" "406"
"407" "" "407"
"408" "" "408"
"409" "" "409"
"410" "" "410"
"411" "" "411"
"412" "" "412"
"413" "" "413"
"414" "" "414"
"415" "" "415"
"416" "" "416"
"417" "" "417"
"418" "" "418"
"419" "" "419"
"420" "" "420"
"421" "" "421"
"422" "mary::back" "422"
"423" "mary::first" "423"
"424" "" "424"
"425" "" "425"
"426" "" "426"
"427" "mrs_lupin::name" "427"
"428" "" "428"
"429" "" "429"
"430" "" "430"
"431" "mrs_lupin::hope" "431"
"432" "" "432"
"433" "" "433"
"434" "" "434"
"435" "" "435"
"436" "" "436"
"437" "" "437"
"438" "" "438"
"439" "mrs_lupin::time" "439"
"440" "" "440"
"441" "" "441"
"442" "" "442"
"443" "pecksniff::can" "443"
"444" "" "444"
"445" "mrs_lupin::tearful" "445"
"446" "" "446"
"447" "" "447"
"448" "pecksniff::tranquil" "448"
"449" "" "449"
"450" "" "450"
"451" "" "451"
"452" "" "452"
"453" "mrs_lupin::book, pecksniff::book" "453"
"454" "" "454"
"455" "" "455"
"456" "" "456"
"457" "" "457"
"458" "" "458"
"459" "" "459"
"460" "" "460"
"461" "" "461"
"462" "" "462"
"463" "" "463"
"464" "pecksniff::time" "464"
"465" "mrs_lupin::natural, pecksniff::natural" "465"
"466" "mrs_lupin::natural" "466"
"467" "" "467"
"468" "" "468"
"469" "" "469"
"470" "" "470"
"471" "" "471"
"472" "" "472"
"473" "" "473"
"474" "" "474"
"475" "" "475"
"476" "mrs_lupin::time" "476"
"477" "" "477"
"478" "mrs_lupin::book, pecksniff::book" "478"
"479" "" "479"
"480" "" "480"
"481" "" "481"
"482" "" "482"
"483" "pecksniff::trouble" "483"
"484" "pecksniff::excuse" "484"
"485" "" "485"
"486" "pecksniff::large" "486"
"487" "" "487"
"488" "mrs_lupin::end, pecksniff::end" "488"
"489" "pecksniff::little" "489"
"490" "pecksniff::distinct, pecksniff::time" "490"
"491" "pecksniff::natural" "491"
"492" "" "492"
"493" "" "493"
"494" "" "494"
"495" "pecksniff::near" "495"
"496" "" "496"
"497" "" "497"
"498" "" "498"
"499" "" "499"
"500" "" "500"
"501" "" "501"
"502" "mr_chuzzlewit::full, mr_chuzzlewit::time, pecksniff::full, pecksniff::time" "502"
"503" "" "503"
"504" "" "504"
"505" "" "505"
"506" "" "506"
"507" "" "507"
"508" "" "508"
"509" "pecksniff::time" "509"
"510" "martin::legs" "510"
"511" "" "511"
"512" "" "512"
"513" "" "513"
"514" "chuzzlewit::back, pecksniff::back" "514"
"515" "" "515"
"516" "" "516"
"517" "" "517"
"518" "" "518"
"519" "" "519"
"520" "" "520"
"521" "" "521"
"522" "mrs_lupin::can" "522"
"523" "mrs_lupin::can" "523"
"524" "" "524"
"525" "" "525"
"526" "pecksniff::found" "526"
"527" "pecksniff::point" "527"
"528" "pecksniff::time" "528"
"529" "pecksniff::enchanting, pecksniff::trouble" "529"
"530" "" "530"
"531" "pecksniff::round" "531"
"532" "" "532"
"533" "" "533"
"534" "" "534"
"535" "" "535"
"536" "" "536"
"537" "" "537"
"538" "pecksniff::#-melt" "538"
"539" "" "539"
"540" "" "540"
"541" "" "541"
"542" "" "542"
"543" "" "543"
"544" "" "544"
"545" "" "545"
"546" "" "546"
"547" "" "547"
"548" "" "548"
"549" "" "549"
"550" "" "550"
"551" "" "551"
"552" "aye::test" "552"
"553" "aye::gold" "553"
"554" "" "554"
"555" "" "555"
"556" "" "556"
"557" "" "557"
"558" "" "558"
"559" "" "559"
"560" "" "560"
"561" "" "561"
"562" "" "562"
"563" "pecksniff::search" "563"
"564" "pecksniff::end" "564"
"565" "" "565"
"566" "" "566"
"567" "" "567"
"568" "pecksniff::hand" "568"
"569" "" "569"
"570" "" "570"
"571" "" "571"
"572" "" "572"
"573" "" "573"
"574" "" "574"
"575" "" "575"
"576" "" "576"
"577" "" "577"
"578" "" "578"
"579" "" "579"
"580" "" "580"
"581" "" "581"
"582" "" "582"
"583" "" "583"
"584" "" "584"
"585" "" "585"
"586" "pecksniff::depend" "586"
"587" "" "587"
"588" "" "588"
"589" "pecksniff::finger" "589"
"590" "" "590"
"591" "" "591"
"592" "" "592"
"593" "" "593"
"594" "" "594"
"595" "" "595"
"596" "" "596"
"597" "" "597"
"598" "pecksniff::cold" "598"
"599" "" "599"
"600" "" "600"
"601" "" "601"
"602" "" "602"
"603" "" "603"
"604" "" "604"
"605" "pecksniff::secret" "605"
"606" "" "606"
"607" "" "607"
"608" "" "608"
"609" "" "609"
"610" "pecksniff::hand" "610"
"611" "" "611"
"612" "" "612"
"613" "" "613"
"614" "" "614"
"615" "" "615"
"616" "" "616"
"617" "" "617"
"618" "" "618"
"619" "" "619"
"620" "" "620"
"621" "" "621"
"622" "" "622"
"623" "" "623"
"624" "" "624"
"625" "" "625"
"626" "" "626"
"627" "" "627"
"628" "" "628"
"629" "" "629"
"630" "pecksniff::love" "630"
"631" "pecksniff::bitter, pecksniff::first, pecksniff::found, pecksniff::object" "631"
"632" "" "632"
"633" "chuzzlewit::#-person" "633"
"634" "chuzzlewit::room" "634"
"635" "pecksniff::two" "635"
"636" "" "636"
"637" "pecksniff::#-ray" "637"
"638" "" "638"
"639" "" "639"
"640" "" "640"
"641" "pecksniff::chin" "641"
"642" "" "642"
"643" "pecksniff::black" "643"
"644" "pecksniff::vast" "644"
"645" "pecksniff::dirty" "645"
"646" "" "646"
"647" "" "647"
"648" "" "648"
"649" "" "649"
"650" "" "650"
"651" "" "651"
"652" "" "652"
"653" "" "653"
"654" "" "654"
"655" "" "655"
"656" "pecksniff::name" "656"
"657" "" "657"
"658" "" "658"
"659" "" "659"
"660" "" "660"
"661" "pecksniff::crown, pecksniff::search, pecksniff::secret, pecksniff::tip" "661"
"662" "" "662"
"663" "" "663"
"664" "" "664"
"665" "" "665"
"666" "pecksniff::person" "666"
"667" "" "667"
"668" "" "668"
"669" "" "669"
"670" "" "670"
"671" "" "671"
"672" "" "672"
"673" "" "673"
"674" "" "674"
"675" "" "675"
"676" "" "676"
"677" "" "677"
"678" "" "678"
"679" "slyme::earth" "679"
"680" "" "680"
"681" "" "681"
"682" "" "682"
"683" "" "683"
"684" "" "684"
"685" "" "685"
"686" "" "686"
"687" "" "687"
"688" "" "688"
"689" "slyme::round" "689"
"690" "slyme::round" "690"
"691" "pecksniff::curious, pecksniff::legs, slyme::curious, slyme::legs" "691"
"692" "" "692"
"693" "" "693"
"694" "pecksniff::back, pecksniff::search" "694"
"695" "" "695"
"696" "" "696"
"697" "" "697"
"698" "tigg::name" "698"
"699" "montague_tigg::familiar, montague_tigg::name, pecksniff::familiar, pecksniff::name" "699"
"700" "" "700"
"701" "" "701"
"702" "" "702"
"703" "" "703"
"704" "slyme::present" "704"
"705" "" "705"
"706" "slyme::cold, slyme::red, slyme::waiting" "706"
"707" "pecksniff::hand, pecksniff::two" "707"
"708" "" "708"
"709" "chevy_slyme::point" "709"
"710" "" "710"
"711" "" "711"
"712" "" "712"
"713" "" "713"
"714" "" "714"
"715" "" "715"
"716" "" "716"
"717" "" "717"
"718" "" "718"
"719" "" "719"
"720" "hamlet::#-prevent, hamlet::cats, hamlet::direction, hamlet::dogs, hamlet::hot, hercules::#-prevent, hercules::cats, hercules::direction, hercules::dogs, hercules::hot" "720"
"721" "pecksniff::guess" "721"
"722" "" "722"
"723" "" "723"
"724" "" "724"
"725" "" "725"
"726" "" "726"
"727" "" "727"
"728" "" "728"
"729" "" "729"
"730" "" "730"
"731" "" "731"
"732" "" "732"
"733" "" "733"
"734" "" "734"
"735" "" "735"
"736" "chuzzlewit::love" "736"
"737" "" "737"
"738" "" "738"
"739" "chuzzlewit::admit, pecksniff::admit" "739"
"740" "" "740"
"741" "" "741"
"742" "" "742"
"743" "" "743"
"744" "" "744"
"745" "" "745"
"746" "" "746"
"747" "" "747"
"748" "spottletoe::married" "748"
"749" "" "749"
"750" "" "750"
"751" "" "751"
"752" "" "752"
"753" "" "753"
"754" "" "754"
"755" "pecksniff::round, pecksniff::waiting" "755"
"756" "" "756"
"757" "chiv::prevent, pecksniff::prevent" "757"
"758" "" "758"
"759" "" "759"
"760" "" "760"
"761" "" "761"
"762" "" "762"
"763" "" "763"
"764" "" "764"
"765" "" "765"
"766" "pecksniff::legs" "766"
"767" "slyme::little" "767"
"768" "" "768"
"769" "" "769"
"770" "" "770"
"771" "" "771"
"772" "" "772"
"773" "" "773"
"774" "" "774"
"775" "" "775"
"776" "" "776"
"777" "" "777"
"778" "" "778"
"779" "" "779"
"780" "" "780"
"781" "" "781"
"782" "" "782"
"783" "" "783"
"784" "" "784"
"785" "" "785"
"786" "tigg::first, tigg::time" "786"
"787" "" "787"
"788" "" "788"
"789" "" "789"
"790" "" "790"
"791" "" "791"
"792" "" "792"
"793" "" "793"
"794" "pecksniff::little, pecksniff::successful, slyme::little, slyme::successful" "794"
"795" "pecksniff::beg" "795"
"796" "pecksniff::little" "796"
"797" "" "797"
"798" "pecksniff::actually, pecksniff::back, pecksniff::guard, pecksniff::roof, pecksniff::vast" "798"
"799" "anthony_chuzzlewit::full, anthony_chuzzlewit::private, jonas::full, jonas::private" "799"
"800" "" "800"
"801" "" "801"
"802" "" "802"
"803" "pecksniff::position" "803"
"804" "pecksniff::can, pecksniff::little" "804"
"805" "" "805"
"806" "" "806"
"807" "pecksniff::touch" "807"
"808" "pecksniff::little, pecksniff::two" "808"
"809" "" "809"
"810" "" "810"
"811" "" "811"
"812" "" "812"
"813" "" "813"
"814" "" "814"
"815" "" "815"
"816" "chuzzlewit::slim, mrs_spottletoe::slim" "816"
"817" "" "817"
"818" "oldmc_chuzzlewit::private, samson::private" "818"
"819" "" "819"
"820" "" "820"
"821" "" "821"
"822" "" "822"
"823" "chevy_slyme::present, tigg::present" "823"
"824" "" "824"
"825" "pecksniff::little" "825"
"826" "pecksniff::round" "826"
"827" "" "827"
"828" "" "828"
"829" "" "829"
"830" "" "830"
"831" "" "831"
"832" "" "832"
"833" "" "833"
"834" "" "834"
"835" "" "835"
"836" "" "836"
"837" "mrs_spottletoe::present, pecksniff::present, spottletoe::present" "837"
"838" "pecksniff::little" "838"
"839" "" "839"
"840" "" "840"
"841" "" "841"
"842" "pecksniff::two" "842"
"843" "mrs_spottletoe::can, mrs_spottletoe::two" "843"
"844" "" "844"
"845" "" "845"
"846" "" "846"
"847" "" "847"
"848" "" "848"
"849" "" "849"
"850" "" "850"
"851" "" "851"
"852" "" "852"
"853" "" "853"
"854" "" "854"
"855" "anthony_chuzzlewit::private, pecksniff::private" "855"
"856" "" "856"
"857" "" "857"
"858" "" "858"
"859" "" "859"
"860" "pecksniff::open, pecksniff::present" "860"
"861" "pecksniff::female, pecksniff::position, pecksniff::strange" "861"
"862" "" "862"
"863" "" "863"
"864" "" "864"
"865" "botany_bay::two, pecksniffs::two" "865"
"866" "mr_tigg::account, mr_tigg::hand, mr_tigg::lip, mr_tigg::observe, mr_tigg::two, pecksniff::account, pecksniff::hand, pecksniff::lip, pecksniff::observe, pecksniff::two" "866"
"867" "" "867"
"868" "" "868"
"869" "" "869"
"870" "" "870"
"871" "" "871"
"872" "george_chuzzlewit::name, pecksniff::name" "872"
"873" "" "873"
"874" "" "874"
"875" "" "875"
"876" "" "876"
"877" "" "877"
"878" "" "878"
"879" "" "879"
"880" "" "880"
"881" "" "881"
"882" "" "882"
"883" "" "883"
"884" "" "884"
"885" "" "885"
"886" "" "886"
"887" "george_chuzzlewit::little" "887"
"888" "" "888"
"889" "george::living" "889"
"890" "" "890"
"891" "" "891"
"892" "" "892"
"893" "" "893"
"894" "" "894"
"895" "" "895"
"896" "" "896"
"897" "" "897"
"898" "" "898"
"899" "" "899"
"900" "" "900"
"901" "" "901"
"902" "" "902"
"903" "pecksniff::direction, pecksniff::window, spottletoe::direction, spottletoe::window" "903"
"904" "pecksniff::present, spottletoe::present" "904"
"905" "" "905"
"906" "" "906"
"907" "" "907"
"908" "" "908"
"909" "" "909"
"910" "" "910"
"911" "" "911"
"912" "" "912"
"913" "" "913"
"914" "" "914"
"915" "" "915"
"916" "" "916"
"917" "" "917"
"918" "" "918"
"919" "" "919"
"920" "" "920"
"921" "" "921"
"922" "" "922"
"923" "" "923"
"924" "" "924"
"925" "" "925"
"926" "" "926"
"927" "" "927"
"928" "" "928"
"929" "" "929"
"930" "" "930"
"931" "" "931"
"932" "" "932"
"933" "" "933"
"934" "" "934"
"935" "pecksniff::can" "935"
"936" "" "936"
"937" "pecksniff::love" "937"
"938" "" "938"
"939" "" "939"
"940" "" "940"
"941" "" "941"
"942" "" "942"
"943" "pecksniff::legs, pecksniff::little" "943"
"944" "pecksniff::hope, pecksniff::sense" "944"
"945" "pecksniff::can" "945"
"946" "" "946"
"947" "" "947"
"948" "sam_the_hostler::sad, tom_pinch::sad" "948"
"949" "" "949"
"950" "" "950"
"951" "" "951"
"952" "" "952"
"953" "" "953"
"954" "" "954"
"955" "tom::lovely" "955"
"956" "" "956"
"957" "tom_pinch::sense" "957"
"958" "mr_pinch::back, mr_pinch::little" "958"
"959" "" "959"
"960" "" "960"
"961" "" "961"
"962" "tom_pinch::married" "962"
"963" "" "963"
"964" "" "964"
"965" "" "965"
"966" "" "966"
"967" "tom::back" "967"
"968" "" "968"
"969" "" "969"
"970" "" "970"
"971" "" "971"
"972" "" "972"
"973" "" "973"
"974" "" "974"
"975" "" "975"
"976" "" "976"
"977" "" "977"
"978" "" "978"
"979" "" "979"
"980" "" "980"
"981" "" "981"
"982" "" "982"
"983" "" "983"
"984" "" "984"
"985" "" "985"
"986" "" "986"
"987" "" "987"
"988" "" "988"
"989" "mark::point" "989"
"990" "mark::broad" "990"
"991" "" "991"
"992" "" "992"
"993" "" "993"
"994" "" "994"
"995" "" "995"
"996" "" "996"
"997" "" "997"
"998" "" "998"
"999" "mark::married, mark::thought" "999"
"1000" "" "1000"
"1001" "" "1001"
"1002" "" "1002"
"1003" "" "1003"
"1004" "" "1004"
"1005" "" "1005"
"1006" "" "1006"
"1007" "" "1007"
"1008" "" "1008"
"1009" "" "1009"
"1010" "" "1010"
"1011" "" "1011"
"1012" "" "1012"
"1013" "" "1013"
"1014" "" "1014"
"1015" "" "1015"
"1016" "" "1016"
"1017" "" "1017"
"1018" "" "1018"
"1019" "" "1019"
"1020" "skittles::round" "1020"
"1021" "" "1021"
"1022" "" "1022"
"1023" "" "1023"
"1024" "" "1024"
"1025" "" "1025"
"1026" "" "1026"
"1027" "mark::object" "1027"
"1028" "" "1028"
"1029" "" "1029"
"1030" "" "1030"
"1031" "mark::match" "1031"
"1032" "" "1032"
"1033" "" "1033"
"1034" "" "1034"
"1035" "" "1035"
"1036" "" "1036"
"1037" "" "1037"
"1038" "" "1038"
"1039" "" "1039"
"1040" "" "1040"
"1041" "" "1041"
"1042" "" "1042"
"1043" "" "1043"
"1044" "" "1044"
"1045" "mark::damp" "1045"
"1046" "" "1046"
"1047" "" "1047"
"1048" "" "1048"
"1049" "" "1049"
"1050" "" "1050"
"1051" "" "1051"
"1052" "" "1052"
"1053" "" "1053"
"1054" "" "1054"
"1055" "" "1055"
"1056" "" "1056"
"1057" "" "1057"
"1058" "mark::two" "1058"
"1059" "mark::shirt, mr_pinch::shirt" "1059"
"1060" "" "1060"
"1061" "" "1061"
"1062" "mark::love" "1062"
"1063" "" "1063"
"1064" "" "1064"
"1065" "" "1065"
"1066" "" "1066"
"1067" "" "1067"
"1068" "" "1068"
"1069" "" "1069"
"1070" "" "1070"
"1071" "pinch::little, pinch::meat, salisbury::little, salisbury::meat" "1071"
"1072" "" "1072"
"1073" "" "1073"
"1074" "" "1074"
"1075" "" "1075"
"1076" "" "1076"
"1077" "" "1077"
"1078" "" "1078"
"1079" "" "1079"
"1080" "" "1080"
"1081" "" "1081"
"1082" "" "1082"
"1083" "" "1083"
"1084" "pecksniff::name, pecksniff::store" "1084"
"1085" "" "1085"
"1086" "mr_pinch::#-stir, mr_pinch::first, mr_pinch::round, philip_quarn::#-stir, philip_quarn::first, philip_quarn::round, robinson_crusoe::#-stir, robinson_crusoe::first, robinson_crusoe::round" "1086"
"1087" "abudah::box, abudah::little, cassim_baba::box, cassim_baba::little" "1087"
"1088" "" "1088"
"1089" "" "1089"
"1090" "pecksniff::strange" "1090"
"1091" "pecksniff::boy" "1091"
"1092" "" "1092"
"1093" "tom::boy, tom::gentle, tom::school" "1093"
"1094" "tom::dusty" "1094"
"1095" "" "1095"
"1096" "" "1096"
"1097" "" "1097"
"1098" "tom::include" "1098"
"1099" "tom::dinner" "1099"
"1100" "" "1100"
"1101" "" "1101"
"1102" "mr_pinch::book, mr_pinch::little, mr_pinch::time, mr_pinch::wonder" "1102"
"1103" "" "1103"
"1104" "mr_pinch::little, mr_pinch::vast" "1104"
"1105" "" "1105"
"1106" "" "1106"
"1107" "" "1107"
"1108" "" "1108"
"1109" "" "1109"
"1110" "" "1110"
"1111" "" "1111"
"1112" "" "1112"
"1113" "" "1113"
"1114" "tom::keen" "1114"
"1115" "" "1115"
"1116" "" "1116"
"1117" "" "1117"
"1118" "" "1118"
"1119" "" "1119"
"1120" "" "1120"
"1121" "" "1121"
"1122" "" "1122"
"1123" "" "1123"
"1124" "" "1124"
"1125" "" "1125"
"1126" "" "1126"
"1127" "" "1127"
"1128" "" "1128"
"1129" "" "1129"
"1130" "" "1130"
"1131" "tom::person" "1131"
"1132" "" "1132"
"1133" "" "1133"
"1134" "" "1134"
"1135" "" "1135"
"1136" "" "1136"
"1137" "martin::handle" "1137"
"1138" "" "1138"
"1139" "mr_pinch::first, mr_pinch::found, mr_pinch::person, mr_pinch::secret, mr_pinch::warm" "1139"
"1140" "" "1140"
"1141" "" "1141"
"1142" "" "1142"
"1143" "" "1143"
"1144" "" "1144"
"1145" "" "1145"
"1146" "" "1146"
"1147" "" "1147"
"1148" "" "1148"
"1149" "chuzzlewit::two" "1149"
"1150" "" "1150"
"1151" "" "1151"
"1152" "" "1152"
"1153" "mr_pinch::ready" "1153"
"1154" "" "1154"
"1155" "" "1155"
"1156" "martin::horse, mr_pinch::horse" "1156"
"1157" "martin::warm, mr_pinch::warm" "1157"
"1158" "" "1158"
"1159" "" "1159"
"1160" "" "1160"
"1161" "" "1161"
"1162" "" "1162"
"1163" "" "1163"
"1164" "" "1164"
"1165" "" "1165"
"1166" "chuzzlewit::admit, dick::admit" "1166"
"1167" "chuzzlewit::position, tom::position" "1167"
"1168" "chuzzlewit::box, chuzzlewit::carriage, chuzzlewit::cold, chuzzlewit::wall, tom::box, tom::carriage, tom::cold, tom::wall" "1168"
"1169" "" "1169"
"1170" "" "1170"
"1171" "" "1171"
"1172" "martin::horse" "1172"
"1173" "pecksniff::idea, tom_pinch::idea" "1173"
"1174" "" "1174"
"1175" "martin::horse" "1175"
"1176" "" "1176"
"1177" "" "1177"
"1178" "" "1178"
"1179" "" "1179"
"1180" "" "1180"
"1181" "tom::strange" "1181"
"1182" "" "1182"
"1183" "mr_pinch::wrong" "1183"
"1184" "" "1184"
"1185" "tom::can" "1185"
"1186" "" "1186"
"1187" "" "1187"
"1188" "" "1188"
"1189" "" "1189"
"1190" "" "1190"
"1191" "" "1191"
"1192" "" "1192"
"1193" "" "1193"
"1194" "" "1194"
"1195" "" "1195"
"1196" "" "1196"
"1197" "" "1197"
"1198" "" "1198"
"1199" "" "1199"
"1200" "" "1200"
"1201" "" "1201"
"1202" "" "1202"
"1203" "" "1203"
"1204" "" "1204"
"1205" "" "1205"
"1206" "" "1206"
"1207" "" "1207"
"1208" "" "1208"
"1209" "" "1209"
"1210" "" "1210"
"1211" "" "1211"
"1212" "martin::boy" "1212"
"1213" "" "1213"
"1214" "martin::sad, martin::two" "1214"
"1215" "" "1215"
"1216" "" "1216"
"1217" "" "1217"
"1218" "martin::gentle, pecksniff_pecksniffs::gentle" "1218"
"1219" "martin::round, pecksniff::round" "1219"
"1220" "" "1220"
"1221" "" "1221"
"1222" "" "1222"
"1223" "" "1223"
"1224" "thomas_pinch::first" "1224"
"1225" "" "1225"
"1226" "thomas_pinch::hand" "1226"
"1227" "" "1227"
"1228" "mr_pinch::busy" "1228"
"1229" "" "1229"
"1230" "martin::room" "1230"
"1231" "" "1231"
"1232" "" "1232"
"1233" "" "1233"
"1234" "" "1234"
"1235" "" "1235"
"1236" "" "1236"
"1237" "" "1237"
"1238" "" "1238"
"1239" "martin::thought" "1239"
"1240" "pecksniff::found" "1240"
"1241" "pecksniff::relation" "1241"
"1242" "" "1242"
"1243" "pecksniff::hand, pecksniff::wall" "1243"
"1244" "" "1244"
"1245" "" "1245"
"1246" "" "1246"
"1247" "" "1247"
"1248" "" "1248"
"1249" "" "1249"
"1250" "" "1250"
"1251" "" "1251"
"1252" "martin::round" "1252"
"1253" "" "1253"
"1254" "" "1254"
"1255" "" "1255"
"1256" "" "1256"
"1257" "" "1257"
"1258" "" "1258"
"1259" "" "1259"
"1260" "" "1260"
"1261" "" "1261"
"1262" "" "1262"
"1263" "pecksniff::room" "1263"
"1264" "" "1264"
"1265" "martin::work" "1265"
"1266" "mr_pinch::room, tom::room" "1266"
"1267" "" "1267"
"1268" "" "1268"
"1269" "" "1269"
"1270" "" "1270"
"1271" "" "1271"
"1272" "" "1272"
"1273" "" "1273"
"1274" "" "1274"
"1275" "" "1275"
"1276" "" "1276"
"1277" "" "1277"
"1278" "" "1278"
"1279" "" "1279"
"1280" "" "1280"
"1281" "" "1281"
"1282" "" "1282"
"1283" "" "1283"
"1284" "" "1284"
"1285" "" "1285"
"1286" "" "1286"
"1287" "" "1287"
"1288" "pecksniff::fancy" "1288"
"1289" "" "1289"
"1290" "" "1290"
"1291" "" "1291"
"1292" "" "1292"
"1293" "" "1293"
"1294" "tom_pinch::private, tom_pinch::pump, tom_pinch::wine" "1294"
"1295" "pecksniff::full" "1295"
"1296" "martin::two, pinch::two" "1296"
"1297" "" "1297"
"1298" "martin::love, martin::spare" "1298"
"1299" "pecksniff::wine" "1299"
"1300" "pecksniff::wine" "1300"
"1301" "" "1301"
"1302" "" "1302"
"1303" "" "1303"
"1304" "" "1304"
"1305" "pecksniff::time, pecksniff::wine" "1305"
"1306" "pecksniff::condition" "1306"
"1307" "" "1307"
"1308" "" "1308"
"1309" "" "1309"
"1310" "" "1310"
"1311" "" "1311"
"1312" "" "1312"
"1313" "pecksniff::spare" "1313"
"1314" "" "1314"
"1315" "" "1315"
"1316" "" "1316"
"1317" "" "1317"
"1318" "" "1318"
"1319" "" "1319"
"1320" "" "1320"
"1321" "" "1321"
"1322" "" "1322"
"1323" "" "1323"
"1324" "" "1324"
"1325" "" "1325"
"1326" "" "1326"
"1327" "" "1327"
"1328" "thomas::little, thomas::position" "1328"
"1329" "" "1329"
"1330" "" "1330"
"1331" "" "1331"
"1332" "" "1332"
"1333" "mr_pinch::time" "1333"
"1334" "" "1334"
"1335" "" "1335"
"1336" "" "1336"
"1337" "" "1337"
"1338" "martin::history" "1338"
"1339" "" "1339"
"1340" "" "1340"
"1341" "" "1341"
"1342" "" "1342"
"1343" "" "1343"
"1344" "" "1344"
"1345" "" "1345"
"1346" "" "1346"
"1347" "" "1347"
"1348" "pecksniff::private" "1348"
"1349" "mr_pinch::observe, pecksniff::observe, tom::observe" "1349"
"1350" "" "1350"
"1351" "" "1351"
"1352" "" "1352"
"1353" "" "1353"
"1354" "" "1354"
"1355" "pecksniff::hand" "1355"
"1356" "" "1356"
"1357" "martin::week" "1357"
"1358" "martin::hope, martin::trip, pecksniff::hope, pecksniff::trip" "1358"
"1359" "" "1359"
"1360" "pecksniff::idea" "1360"
"1361" "" "1361"
"1362" "" "1362"
"1363" "" "1363"
"1364" "" "1364"
"1365" "" "1365"
"1366" "" "1366"
"1367" "" "1367"
"1368" "" "1368"
"1369" "" "1369"
"1370" "" "1370"
"1371" "pecksniff::time" "1371"
"1372" "" "1372"
"1373" "" "1373"
"1374" "" "1374"
"1375" "" "1375"
"1376" "martin::can" "1376"
"1377" "" "1377"
"1378" "pecksniff::relation" "1378"
"1379" "" "1379"
"1380" "" "1380"
"1381" "" "1381"
"1382" "" "1382"
"1383" "" "1383"
"1384" "" "1384"
"1385" "" "1385"
"1386" "pecksniff::curious" "1386"
"1387" "" "1387"
"1388" "martin::experience" "1388"
"1389" "pecksniff::back" "1389"
"1390" "" "1390"
"1391" "" "1391"
"1392" "pecksniff::back, thomas_pinch::back" "1392"
"1393" "" "1393"
"1394" "" "1394"
"1395" "" "1395"
"1396" "martin::secret, tom_pinch::secret" "1396"
"1397" "" "1397"
"1398" "" "1398"
"1399" "" "1399"
"1400" "" "1400"
"1401" "pecksniff::hand" "1401"
"1402" "" "1402"
"1403" "" "1403"
"1404" "" "1404"
"1405" "" "1405"
"1406" "" "1406"
"1407" "" "1407"
"1408" "" "1408"
"1409" "pecksniff::relation" "1409"
"1410" "" "1410"
"1411" "" "1411"
"1412" "tom::#-time" "1412"
"1413" "" "1413"
"1414" "" "1414"
"1415" "" "1415"
"1416" "" "1416"
"1417" "" "1417"
"1418" "" "1418"
"1419" "pecksniffs::amused" "1419"
"1420" "" "1420"
"1421" "" "1421"
"1422" "" "1422"
"1423" "" "1423"
"1424" "tom::safe" "1424"
"1425" "martin_chuzzlewit::charge, martin_chuzzlewit::hand" "1425"
"1426" "" "1426"
"1427" "" "1427"
"1428" "" "1428"
"1429" "" "1429"
"1430" "" "1430"
"1431" "" "1431"
"1432" "john::thought, martin::thought, tom::thought" "1432"
"1433" "martin::ca, martin::can, tom::ca, tom::can" "1433"
"1434" "" "1434"
"1435" "" "1435"
"1436" "" "1436"
"1437" "" "1437"
"1438" "" "1438"
"1439" "" "1439"
"1440" "" "1440"
"1441" "" "1441"
"1442" "" "1442"
"1443" "" "1443"
"1444" "martin_chuzzlewit::comfortable, martin_chuzzlewit::destruction, pecksniff::comfortable, pecksniff::destruction" "1444"
"1445" "" "1445"
"1446" "diogenes::plate, pecksniff::plate, tom_pinch::plate" "1446"
"1447" "" "1447"
"1448" "" "1448"
"1449" "" "1449"
"1450" "" "1450"
"1451" "" "1451"
"1452" "" "1452"
"1453" "" "1453"
"1454" "martin::strange, martin::time, tom::strange, tom::time" "1454"
"1455" "" "1455"
"1456" "tom::talk" "1456"
"1457" "" "1457"
"1458" "" "1458"
"1459" "" "1459"
"1460" "" "1460"
"1461" "" "1461"
"1462" "mr_pinch::open" "1462"
"1463" "" "1463"
"1464" "" "1464"
"1465" "" "1465"
"1466" "tom::hand" "1466"
"1467" "tom::known" "1467"
"1468" "" "1468"
"1469" "" "1469"
"1470" "" "1470"
"1471" "" "1471"
"1472" "" "1472"
"1473" "martin::two" "1473"
"1474" "martin::first" "1474"
"1475" "" "1475"
"1476" "" "1476"
"1477" "" "1477"
"1478" "" "1478"
"1479" "" "1479"
"1480" "" "1480"
"1481" "" "1481"
"1482" "" "1482"
"1483" "" "1483"
"1484" "martin::can" "1484"
"1485" "" "1485"
"1486" "" "1486"
"1487" "" "1487"
"1488" "" "1488"
"1489" "" "1489"
"1490" "" "1490"
"1491" "" "1491"
"1492" "tom::love" "1492"
"1493" "" "1493"
"1494" "martin::love" "1494"
"1495" "tom::beg" "1495"
"1496" "" "1496"
"1497" "" "1497"
"1498" "" "1498"
"1499" "martin::can, martin::guess" "1499"
"1500" "martin::rest" "1500"
"1501" "" "1501"
"1502" "" "1502"
"1503" "martin::observe, martin::private" "1503"
"1504" "" "1504"
"1505" "" "1505"
"1506" "" "1506"
"1507" "" "1507"
"1508" "" "1508"
"1509" "" "1509"
"1510" "" "1510"
"1511" "" "1511"
"1512" "" "1512"
"1513" "martin::determined, tom::determined" "1513"
"1514" "" "1514"
"1515" "pecksniff::known" "1515"
"1516" "" "1516"
"1517" "" "1517"
"1518" "" "1518"
"1519" "pecksniff::natural" "1519"
"1520" "" "1520"
"1521" "martin::account, martin::natural" "1521"
"1522" "" "1522"
"1523" "" "1523"
"1524" "" "1524"
"1525" "" "1525"
"1526" "martin::back, martin::warm" "1526"
"1527" "" "1527"
"1528" "" "1528"
"1529" "tom::time" "1529"
"1530" "martin::end" "1530"
"1531" "" "1531"
"1532" "" "1532"
"1533" "" "1533"
"1534" "" "1534"
"1535" "" "1535"
"1536" "" "1536"
"1537" "tom::time, tom::wine" "1537"
"1538" "" "1538"
"1539" "martin::room" "1539"
"1540" "tom_pinch::person" "1540"
"1541" "" "1541"
"1542" "" "1542"
"1543" "" "1543"
"1544" "tom::can" "1544"
"1545" "" "1545"
"1546" "" "1546"
"1547" "" "1547"
"1548" "" "1548"
"1549" "" "1549"
"1550" "" "1550"
"1551" "" "1551"
"1552" "" "1552"
"1553" "" "1553"
"1554" "" "1554"
"1555" "" "1555"
"1556" "" "1556"
"1557" "" "1557"
"1558" "" "1558"
"1559" "" "1559"
"1560" "" "1560"
"1561" "" "1561"
"1562" "" "1562"
"1563" "" "1563"
"1564" "" "1564"
"1565" "" "1565"
"1566" "" "1566"
"1567" "martin::comfortable" "1567"
"1568" "" "1568"
"1569" "tom::#-cold" "1569"
"1570" "" "1570"
"1571" "" "1571"
"1572" "" "1572"
"1573" "tom::peep" "1573"
"1574" "tom::trouble" "1574"
"1575" "" "1575"
"1576" "" "1576"
"1577" "" "1577"
"1578" "" "1578"
"1579" "" "1579"
"1580" "" "1580"
"1581" "" "1581"
"1582" "martin::natural, martin::work, mr_chevy_slyme::natural, mr_chevy_slyme::work, mr_pinch::natural, mr_pinch::work" "1582"
"1583" "tom::time" "1583"
"1584" "" "1584"
"1585" "" "1585"
"1586" "" "1586"
"1587" "martin::busy, martin::little, pecksniff::busy, pecksniff::little, tom::busy, tom::little" "1587"
"1588" "" "1588"
"1589" "" "1589"
"1590" "pecksniff::present" "1590"
"1591" "" "1591"
"1592" "" "1592"
"1593" "" "1593"
"1594" "martin::name, tigg::name, tom::name" "1594"
"1595" "chevy_slyme::hand" "1595"
"1596" "" "1596"
"1597" "" "1597"
"1598" "martin::name" "1598"
"1599" "tigg::name" "1599"
"1600" "" "1600"
"1601" "" "1601"
"1602" "" "1602"
"1603" "mr_pinch_tom::hope" "1603"
"1604" "" "1604"
"1605" "" "1605"
"1606" "tom::hand" "1606"
"1607" "" "1607"
"1608" "" "1608"
"1609" "" "1609"
"1610" "" "1610"
"1611" "tom::scared" "1611"
"1612" "" "1612"
"1613" "" "1613"
"1614" "" "1614"
"1615" "" "1615"
"1616" "mr_tigg::time" "1616"
"1617" "pecksniff::admit, pecksniff::present" "1617"
"1618" "pecksniff::actually, pecksniff::can, pecksniff::observe" "1618"
"1619" "" "1619"
"1620" "" "1620"
"1621" "" "1621"
"1622" "chevy_slyme::fear, chevy_slyme::first, fox::fear, fox::first, martin::fear, martin::first, tigg::fear, tigg::first" "1622"
"1623" "chevy_slyme::hand, fox::hand, martin::hand, tigg::hand" "1623"
"1624" "slyme::back, slyme::can, slyme::first" "1624"
"1625" "" "1625"
"1626" "" "1626"
"1627" "" "1627"
"1628" "" "1628"
"1629" "" "1629"
"1630" "tom::window" "1630"
"1631" "" "1631"
"1632" "" "1632"
"1633" "" "1633"
"1634" "" "1634"
"1635" "mark_tapley::waiting" "1635"
"1636" "mark_tapley::can, mrs_tapley::can" "1636"
"1637" "mark::window, tigg::window, tom::window" "1637"
"1638" "" "1638"
"1639" "" "1639"
"1640" "mark::wrong, mr_pinch::wrong, tom::wrong" "1640"
"1641" "" "1641"
"1642" "" "1642"
"1643" "" "1643"
"1644" "" "1644"
"1645" "" "1645"
"1646" "tigg::little" "1646"
"1647" "" "1647"
"1648" "" "1648"
"1649" "mark::prevent" "1649"
"1650" "mark::temper" "1650"
"1651" "mark::little" "1651"
"1652" "" "1652"
"1653" "" "1653"
"1654" "" "1654"
"1655" "" "1655"
"1656" "" "1656"
"1657" "" "1657"
"1658" "" "1658"
"1659" "" "1659"
"1660" "" "1660"
"1661" "" "1661"
"1662" "" "1662"
"1663" "" "1663"
"1664" "" "1664"
"1665" "" "1665"
"1666" "pecksniff::reply" "1666"
"1667" "" "1667"
"1668" "" "1668"
"1669" "" "1669"
"1670" "" "1670"
"1671" "tom::room" "1671"
"1672" "tom::relation" "1672"
"1673" "tom::money" "1673"
"1674" "" "1674"
"1675" "" "1675"
"1676" "" "1676"
"1677" "tom::hand" "1677"
"1678" "" "1678"
"1679" "" "1679"
"1680" "mark::move, mark::street" "1680"
"1681" "tapley::two, tigg::two" "1681"
"1682" "martin::hand, mr_pinch::hand, slyme::hand" "1682"
"1683" "" "1683"
"1684" "" "1684"
"1685" "" "1685"
"1686" "tigg::present, tigg::separate" "1686"
"1687" "" "1687"
"1688" "mr_pinch::back, pecksniff::back" "1688"
"1689" "" "1689"
"1690" "" "1690"
"1691" "martin::condition, tom::condition" "1691"
"1692" "" "1692"
"1693" "slyme::hand" "1693"
"1694" "" "1694"
"1695" "" "1695"
"1696" "" "1696"
"1697" "" "1697"
"1698" "" "1698"
"1699" "slyme::two" "1699"
"1700" "" "1700"
"1701" "" "1701"
"1702" "" "1702"
"1703" "tigg::found" "1703"
"1704" "chiv::time, tigg::time" "1704"
"1705" "" "1705"
"1706" "" "1706"
"1707" "" "1707"
"1708" "" "1708"
"1709" "" "1709"
"1710" "" "1710"
"1711" "" "1711"
"1712" "" "1712"
"1713" "" "1713"
"1714" "" "1714"
"1715" "" "1715"
"1716" "" "1716"
"1717" "" "1717"
"1718" "" "1718"
"1719" "" "1719"
"1720" "" "1720"
"1721" "" "1721"
"1722" "chiv::money, slyme::money" "1722"
"1723" "" "1723"
"1724" "" "1724"
"1725" "" "1725"
"1726" "" "1726"
"1727" "" "1727"
"1728" "" "1728"
"1729" "" "1729"
"1730" "" "1730"
"1731" "" "1731"
"1732" "" "1732"
"1733" "" "1733"
"1734" "" "1734"
"1735" "" "1735"
"1736" "" "1736"
"1737" "" "1737"
"1738" "" "1738"
"1739" "tom::beg" "1739"
"1740" "" "1740"
"1741" "" "1741"
"1742" "" "1742"
"1743" "" "1743"
"1744" "" "1744"
"1745" "" "1745"
"1746" "" "1746"
"1747" "" "1747"
"1748" "" "1748"
"1749" "tom::little" "1749"
"1750" "" "1750"
"1751" "mr_pinch::can" "1751"
"1752" "" "1752"
"1753" "" "1753"
"1754" "" "1754"
"1755" "" "1755"
"1756" "" "1756"
"1757" "" "1757"
"1758" "" "1758"
"1759" "" "1759"
"1760" "" "1760"
"1761" "" "1761"
"1762" "" "1762"
"1763" "" "1763"
"1764" "" "1764"
"1765" "esquire::pencil, seth_pecksniff::pencil" "1765"
"1766" "tom::week" "1766"
"1767" "" "1767"
"1768" "" "1768"
"1769" "" "1769"
"1770" "" "1770"
"1771" "tigg::condition" "1771"
"1772" "mr_pinch::hand" "1772"
"1773" "martin::present, tom::present" "1773"
"1774" "" "1774"
"1775" "" "1775"
"1776" "" "1776"
"1777" "mark::continue" "1777"
"1778" "" "1778"
"1779" "" "1779"
"1780" "" "1780"
"1781" "" "1781"
"1782" "" "1782"
"1783" "" "1783"
"1784" "" "1784"
"1785" "" "1785"
"1786" "" "1786"
"1787" "mark::open" "1787"
"1788" "" "1788"
"1789" "" "1789"
"1790" "" "1790"
"1791" "" "1791"
"1792" "" "1792"
"1793" "" "1793"
"1794" "" "1794"
"1795" "" "1795"
"1796" "" "1796"
"1797" "" "1797"
"1798" "" "1798"
"1799" "" "1799"
"1800" "mark::determined" "1800"
"1801" "" "1801"
"1802" "" "1802"
"1803" "mark::desert" "1803"
"1804" "mrs_lupin::hand, mrs_lupin::money" "1804"
"1805" "" "1805"
"1806" "mark::person, mark::time" "1806"
"1807" "" "1807"
"1808" "mark::round" "1808"
"1809" "" "1809"
"1810" "" "1810"
"1811" "" "1811"
"1812" "mrs_lupin::#-wonder" "1812"
"1813" "" "1813"
"1814" "mrs_lupin::#-thought" "1814"
"1815" "mark::#-thought" "1815"
"1816" "" "1816"
"1817" "" "1817"
"1818" "" "1818"
"1819" "" "1819"
"1820" "" "1820"
"1821" "" "1821"
"1822" "" "1822"
"1823" "" "1823"
"1824" "" "1824"
"1825" "" "1825"
"1826" "" "1826"
"1827" "" "1827"
"1828" "mark::#-thought" "1828"
"1829" "" "1829"
"1830" "" "1830"
"1831" "" "1831"
"1832" "" "1832"
"1833" "" "1833"
"1834" "" "1834"
"1835" "" "1835"
"1836" "" "1836"
"1837" "" "1837"
"1838" "" "1838"
"1839" "" "1839"
"1840" "" "1840"
"1841" "" "1841"
"1842" "" "1842"
"1843" "" "1843"
"1844" "mark::little, mark::time" "1844"
"1845" "" "1845"
"1846" "" "1846"
"1847" "mark::love" "1847"
"1848" "mark::little" "1848"
"1849" "" "1849"
"1850" "" "1850"
"1851" "" "1851"
"1852" "" "1852"
"1853" "" "1853"
"1854" "" "1854"
"1855" "" "1855"
"1856" "" "1856"
"1857" "" "1857"
"1858" "" "1858"
"1859" "" "1859"
"1860" "" "1860"
"1861" "" "1861"
"1862" "" "1862"
"1863" "" "1863"
"1864" "" "1864"
"1865" "" "1865"
"1866" "pecksniff::natural" "1866"
"1867" "" "1867"
"1868" "pecksniff::sense" "1868"
"1869" "" "1869"
"1870" "" "1870"
"1871" "pecksniff::neck" "1871"
"1872" "" "1872"
"1873" "" "1873"
"1874" "" "1874"
"1875" "" "1875"
"1876" "" "1876"
"1877" "pecksniff::drag" "1877"
"1878" "" "1878"
"1879" "" "1879"
"1880" "" "1880"
"1881" "" "1881"
"1882" "" "1882"
"1883" "" "1883"
"1884" "" "1884"
"1885" "" "1885"
"1886" "" "1886"
"1887" "" "1887"
"1888" "" "1888"
"1889" "" "1889"
"1890" "" "1890"
"1891" "" "1891"
"1892" "" "1892"
"1893" "" "1893"
"1894" "" "1894"
"1895" "" "1895"
"1896" "" "1896"
"1897" "" "1897"
"1898" "pecksniff::full, pecksniff::reply" "1898"
"1899" "" "1899"
"1900" "" "1900"
"1901" "" "1901"
"1902" "" "1902"
"1903" "anthony_chuzzlewit::excuse, jonas::excuse" "1903"
"1904" "" "1904"
"1905" "" "1905"
"1906" "" "1906"
"1907" "" "1907"
"1908" "" "1908"
"1909" "" "1909"
"1910" "" "1910"
"1911" "" "1911"
"1912" "pecksniff::rest" "1912"
"1913" "pecksniff::partner" "1913"
"1914" "" "1914"
"1915" "jonas::hand" "1915"
"1916" "" "1916"
"1917" "" "1917"
"1918" "" "1918"
"1919" "" "1919"
"1920" "" "1920"
"1921" "" "1921"
"1922" "" "1922"
"1923" "" "1923"
"1924" "pecksniff::polite" "1924"
"1925" "" "1925"
"1926" "" "1926"
"1927" "jonas::two" "1927"
"1928" "jonas::love" "1928"
"1929" "" "1929"
"1930" "jonas::time, jonas::times" "1930"
"1931" "" "1931"
"1932" "" "1932"
"1933" "" "1933"
"1934" "" "1934"
"1935" "" "1935"
"1936" "" "1936"
"1937" "" "1937"
"1938" "" "1938"
"1939" "" "1939"
"1940" "" "1940"
"1941" "" "1941"
"1942" "" "1942"
"1943" "" "1943"
"1944" "" "1944"
"1945" "" "1945"
"1946" "" "1946"
"1947" "" "1947"
"1948" "jonas::#-wonder" "1948"
"1949" "" "1949"
"1950" "" "1950"
"1951" "" "1951"
"1952" "" "1952"
"1953" "jonas::time, pecksniff::time" "1953"
"1954" "" "1954"
"1955" "" "1955"
"1956" "" "1956"
"1957" "" "1957"
"1958" "" "1958"
"1959" "" "1959"
"1960" "" "1960"
"1961" "" "1961"
"1962" "" "1962"
"1963" "" "1963"
"1964" "" "1964"
"1965" "" "1965"
"1966" "" "1966"
"1967" "" "1967"
"1968" "" "1968"
"1969" "" "1969"
"1970" "jonas::two" "1970"
"1971" "" "1971"
"1972" "" "1972"
"1973" "" "1973"
"1974" "" "1974"
"1975" "" "1975"
"1976" "pecksniff::meat" "1976"
"1977" "" "1977"
"1978" "" "1978"
"1979" "" "1979"
"1980" "" "1980"
"1981" "" "1981"
"1982" "" "1982"
"1983" "" "1983"
"1984" "pecksniff::window" "1984"
"1985" "" "1985"
"1986" "pecksniff::fog" "1986"
"1987" "" "1987"
"1988" "pecksniff::hand" "1988"
"1989" "m._todgers::hand, m._todgers::little, pecksniff::hand, pecksniff::little" "1989"
"1990" "" "1990"
"1991" "" "1991"
"1992" "" "1992"
"1993" "" "1993"
"1994" "" "1994"
"1995" "" "1995"
"1996" "" "1996"
"1997" "" "1997"
"1998" "" "1998"
"1999" "" "1999"
"2000" "pecksniff::can" "2000"
"2001" "" "2001"
"2002" "" "2002"
"2003" "m._todgers::time" "2003"
"2004" "" "2004"
"2005" "" "2005"
"2006" "" "2006"
"2007" "" "2007"
"2008" "" "2008"
"2009" "" "2009"
"2010" "" "2010"
"2011" "" "2011"
"2012" "" "2012"
"2013" "m._todgers::black, m._todgers::little" "2013"
"2014" "m._todgers::little" "2014"
"2015" "pecksniff::end, pecksniff::hand" "2015"
"2016" "" "2016"
"2017" "" "2017"
"2018" "" "2018"
"2019" "" "2019"
"2020" "" "2020"
"2021" "" "2021"
"2022" "pecksniff::hand" "2022"
"2023" "" "2023"
"2024" "" "2024"
"2025" "" "2025"
"2026" "" "2026"
"2027" "" "2027"
"2028" "" "2028"
"2029" "miss_pecksniffs::little, miss_pecksniffs::time" "2029"
"2030" "" "2030"
"2031" "" "2031"
"2032" "" "2032"
"2033" "" "2033"
"2034" "" "2034"
"2035" "" "2035"
"2036" "" "2036"
"2037" "" "2037"
"2038" "" "2038"
"2039" "pecksniff::full, pecksniff::point, pecksniff::time" "2039"
"2040" "" "2040"
"2041" "" "2041"
"2042" "" "2042"
"2043" "mrs_todgers::back, mrs_todgers::fog" "2043"
"2044" "" "2044"
"2045" "" "2045"
"2046" "" "2046"
"2047" "" "2047"
"2048" "" "2048"
"2049" "bailey::box, bailey::first, bailey::work" "2049"
"2050" "jinkins::room" "2050"
"2051" "" "2051"
"2052" "" "2052"
"2053" "cherry::hope" "2053"
"2054" "" "2054"
"2055" "" "2055"
"2056" "" "2056"
"2057" "" "2057"
"2058" "" "2058"
"2059" "" "2059"
"2060" "" "2060"
"2061" "" "2061"
"2062" "" "2062"
"2063" "" "2063"
"2064" "" "2064"
"2065" "todgers::direction, todgers::found" "2065"
"2066" "" "2066"
"2067" "" "2067"
"2068" "" "2068"
"2069" "" "2069"
"2070" "" "2070"
"2071" "" "2071"
"2072" "" "2072"
"2073" "" "2073"
"2074" "" "2074"
"2075" "" "2075"
"2076" "" "2076"
"2077" "" "2077"
"2078" "" "2078"
"2079" "" "2079"
"2080" "" "2080"
"2081" "" "2081"
"2082" "" "2082"
"2083" "" "2083"
"2084" "" "2084"
"2085" "" "2085"
"2086" "" "2086"
"2087" "" "2087"
"2088" "" "2088"
"2089" "" "2089"
"2090" "" "2090"
"2091" "" "2091"
"2092" "todgers::window" "2092"
"2093" "" "2093"
"2094" "" "2094"
"2095" "" "2095"
"2096" "pecksniffs::time" "2096"
"2097" "" "2097"
"2098" "mrs_todgers::little" "2098"
"2099" "" "2099"
"2100" "" "2100"
"2101" "" "2101"
"2102" "" "2102"
"2103" "" "2103"
"2104" "" "2104"
"2105" "" "2105"
"2106" "pecksniffs::sad" "2106"
"2107" "" "2107"
"2108" "mrs_todgers::stretch" "2108"
"2109" "" "2109"
"2110" "" "2110"
"2111" "" "2111"
"2112" "mrs_todgers::week" "2112"
"2113" "mrs_todgers::invite" "2113"
"2114" "mrs_todgers::relation, pecksniff::relation" "2114"
"2115" "" "2115"
"2116" "mrs_todgers::wicked" "2116"
"2117" "" "2117"
"2118" "" "2118"
"2119" "" "2119"
"2120" "" "2120"
"2121" "" "2121"
"2122" "" "2122"
"2123" "" "2123"
"2124" "" "2124"
"2125" "" "2125"
"2126" "mrs_todgers::full, mrs_todgers::little, mrs_todgers::open, mrs_todgers::room, pecksniff::full, pecksniff::little, pecksniff::open, pecksniff::room" "2126"
"2127" "pecksniff::can" "2127"
"2128" "tom_pinch::ready" "2128"
"2129" "jinkins::reply, mrs_todgers::reply, thomas_pinch::reply" "2129"
"2130" "pecksniff::first" "2130"
"2131" "" "2131"
"2132" "" "2132"
"2133" "" "2133"
"2134" "" "2134"
"2135" "" "2135"
"2136" "" "2136"
"2137" "pecksniff::history" "2137"
"2138" "" "2138"
"2139" "tom_pinch::known" "2139"
"2140" "" "2140"
"2141" "" "2141"
"2142" "" "2142"
"2143" "" "2143"
"2144" "mr_pinch::little, mr_pinch::room" "2144"
"2145" "" "2145"
"2146" "" "2146"
"2147" "" "2147"
"2148" "" "2148"
"2149" "" "2149"
"2150" "" "2150"
"2151" "" "2151"
"2152" "" "2152"
"2153" "pecksniffs::two" "2153"
"2154" "" "2154"
"2155" "" "2155"
"2156" "pecksniff::hand" "2156"
"2157" "" "2157"
"2158" "" "2158"
"2159" "" "2159"
"2160" "" "2160"
"2161" "" "2161"
"2162" "" "2162"
"2163" "pecksniff::hand" "2163"
"2164" "pecksniff::love, pecksniff::thought, thomas::love, thomas::thought" "2164"
"2165" "" "2165"
"2166" "tom_pinch::can" "2166"
"2167" "cherry::distance, cherry::two, pecksniff::distance, pecksniff::two, thomas::distance, thomas::two, tom_pinch::distance, tom_pinch::two" "2167"
"2168" "cherry::can, cherry::thought, pecksniff::can, pecksniff::thought, thomas::can, thomas::thought, tom_pinch::can, tom_pinch::thought" "2168"
"2169" "pecksniff::can, pecksniff::living, tom_pinch::can, tom_pinch::living, tom::can, tom::living" "2169"
"2170" "ruth_pinch::first, ruth_pinch::waste, tom::first, tom::waste" "2170"
"2171" "" "2171"
"2172" "tom::thought" "2172"
"2173" "tom::earth" "2173"
"2174" "" "2174"
"2175" "" "2175"
"2176" "" "2176"
"2177" "" "2177"
"2178" "" "2178"
"2179" "" "2179"
"2180" "" "2180"
"2181" "pecksniff::little" "2181"
"2182" "mrs_todgers::object, pecksniff::object" "2182"
"2183" "" "2183"
"2184" "" "2184"
"2185" "" "2185"
"2186" "m._t.::little, mrs_todgers::little" "2186"
"2187" "" "2187"
"2188" "" "2188"
"2189" "" "2189"
"2190" "" "2190"
"2191" "thomas::depend" "2191"
"2192" "" "2192"
"2193" "" "2193"
"2194" "" "2194"
"2195" "" "2195"
"2196" "" "2196"
"2197" "" "2197"
"2198" "" "2198"
"2199" "" "2199"
"2200" "" "2200"
"2201" "pecksniff::near" "2201"
"2202" "pecksniff::familiar" "2202"
"2203" "pecksniff::observe, pecksniff::roof" "2203"
"2204" "" "2204"
"2205" "" "2205"
"2206" "" "2206"
"2207" "" "2207"
"2208" "pecksniff::window" "2208"
"2209" "" "2209"
"2210" "" "2210"
"2211" "" "2211"
"2212" "" "2212"
"2213" "" "2213"
"2214" "" "2214"
"2215" "" "2215"
"2216" "" "2216"
"2217" "" "2217"
"2218" "" "2218"
"2219" "pecksniff::beg, pecksniff::doubtful" "2219"
"2220" "" "2220"
"2221" "" "2221"
"2222" "" "2222"
"2223" "" "2223"
"2224" "" "2224"
"2225" "" "2225"
"2226" "" "2226"
"2227" "" "2227"
"2228" "" "2228"
"2229" "" "2229"
"2230" "mrs_todgers::carriage, mrs_todgers::point" "2230"
"2231" "" "2231"
"2232" "" "2232"
"2233" "" "2233"
"2234" "" "2234"
"2235" "" "2235"
"2236" "" "2236"
"2237" "" "2237"
"2238" "" "2238"
"2239" "pecksniff::account, pecksniff::full" "2239"
"2240" "" "2240"
"2241" "" "2241"
"2242" "" "2242"
"2243" "" "2243"
"2244" "" "2244"
"2245" "" "2245"
"2246" "" "2246"
"2247" "" "2247"
"2248" "" "2248"
"2249" "" "2249"
"2250" "" "2250"
"2251" "" "2251"
"2252" "" "2252"
"2253" "" "2253"
"2254" "" "2254"
"2255" "" "2255"
"2256" "" "2256"
"2257" "" "2257"
"2258" "" "2258"
"2259" "" "2259"
"2260" "" "2260"
"2261" "" "2261"
"2262" "bailey::ready" "2262"
"2263" "" "2263"
"2264" "" "2264"
"2265" "" "2265"
"2266" "mrs_todgers::hand, mrs_todgers::wall" "2266"
"2267" "" "2267"
"2268" "" "2268"
"2269" "" "2269"
"2270" "" "2270"
"2271" "" "2271"
"2272" "" "2272"
"2273" "mrs_todgers::open" "2273"
"2274" "" "2274"
"2275" "" "2275"
"2276" "" "2276"
"2277" "" "2277"
"2278" "" "2278"
"2279" "" "2279"
"2280" "young_brownrigg::history, young_brownrigg::minister, young_brownrigg::name, young_brownrigg::time" "2280"
"2281" "bailey::hand, bailey::known, bailey::name" "2281"
"2282" "mrs_todgers::account, mrs_todgers::time, mrs_todgers::two" "2282"
"2283" "" "2283"
"2284" "" "2284"
"2285" "jinkins::name, jinkins::room, jinkins::two, jinkins::waiting" "2285"
"2286" "" "2286"
"2287" "" "2287"
"2288" "" "2288"
"2289" "" "2289"
"2290" "" "2290"
"2291" "" "2291"
"2292" "" "2292"
"2293" "" "2293"
"2294" "" "2294"
"2295" "" "2295"
"2296" "" "2296"
"2297" "" "2297"
"2298" "" "2298"
"2299" "" "2299"
"2300" "" "2300"
"2301" "jinkins::back, jinkins::dinner, mrs_todgers::back, mrs_todgers::dinner" "2301"
"2302" "" "2302"
"2303" "bailey::dinner, bailey::time" "2303"
"2304" "" "2304"
"2305" "pecksniff::present" "2305"
"2306" "" "2306"
"2307" "" "2307"
"2308" "" "2308"
"2309" "jinkins::full, pecksniffs::full" "2309"
"2310" "" "2310"
"2311" "bailey::meeting" "2311"
"2312" "bailey::boy, bailey::two" "2312"
"2313" "bailey::painful" "2313"
"2314" "jinkins::large, jinkins::legs, jinkins::waiting" "2314"
"2315" "" "2315"
"2316" "" "2316"
"2317" "" "2317"
"2318" "" "2318"
"2319" "" "2319"
"2320" "" "2320"
"2321" "" "2321"
"2322" "" "2322"
"2323" "" "2323"
"2324" "jinkins::hot, jinkins::little" "2324"
"2325" "" "2325"
"2326" "" "2326"
"2327" "mrs_todgers::two, pecksniff::two, pecksniffs::two" "2327"
"2328" "" "2328"
"2329" "" "2329"
"2330" "" "2330"
"2331" "" "2331"
"2332" "" "2332"
"2333" "" "2333"
"2334" "" "2334"
"2335" "" "2335"
"2336" "" "2336"
"2337" "" "2337"
"2338" "" "2338"
"2339" "" "2339"
"2340" "" "2340"
"2341" "" "2341"
"2342" "" "2342"
"2343" "" "2343"
"2344" "" "2344"
"2345" "" "2345"
"2346" "" "2346"
"2347" "" "2347"
"2348" "pecksniffs::two" "2348"
"2349" "" "2349"
"2350" "" "2350"
"2351" "" "2351"
"2352" "" "2352"
"2353" "" "2353"
"2354" "" "2354"
"2355" "" "2355"
"2356" "" "2356"
"2357" "" "2357"
"2358" "" "2358"
"2359" "" "2359"
"2360" "" "2360"
"2361" "" "2361"
"2362" "" "2362"
"2363" "" "2363"
"2364" "jink::familiar" "2364"
"2365" "" "2365"
"2366" "" "2366"
"2367" "" "2367"
"2368" "" "2368"
"2369" "" "2369"
"2370" "" "2370"
"2371" "jinkins::present" "2371"
"2372" "" "2372"
"2373" "jinkins::can" "2373"
"2374" "" "2374"
"2375" "" "2375"
"2376" "" "2376"
"2377" "" "2377"
"2378" "" "2378"
"2379" "jinkins::back" "2379"
"2380" "" "2380"
"2381" "jinkins::join, jinkins::time" "2381"
"2382" "" "2382"
"2383" "" "2383"
"2384" "" "2384"
"2385" "" "2385"
"2386" "" "2386"
"2387" "" "2387"
"2388" "" "2388"
"2389" "" "2389"
"2390" "jinkins::can" "2390"
"2391" "" "2391"
"2392" "" "2392"
"2393" "" "2393"
"2394" "" "2394"
"2395" "" "2395"
"2396" "" "2396"
"2397" "" "2397"
"2398" "pecksniff::legs" "2398"
"2399" "" "2399"
"2400" "pecksniff::can" "2400"
"2401" "" "2401"
"2402" "pecksniff::imperfect" "2402"
"2403" "" "2403"
"2404" "" "2404"
"2405" "" "2405"
"2406" "" "2406"
"2407" "" "2407"
"2408" "" "2408"
"2409" "" "2409"
"2410" "" "2410"
"2411" "" "2411"
"2412" "" "2412"
"2413" "" "2413"
"2414" "" "2414"
"2415" "" "2415"
"2416" "" "2416"
"2417" "" "2417"
"2418" "" "2418"
"2419" "" "2419"
"2420" "" "2420"
"2421" "" "2421"
"2422" "" "2422"
"2423" "" "2423"
"2424" "" "2424"
"2425" "" "2425"
"2426" "" "2426"
"2427" "" "2427"
"2428" "" "2428"
"2429" "" "2429"
"2430" "" "2430"
"2431" "" "2431"
"2432" "" "2432"
"2433" "" "2433"
"2434" "" "2434"
"2435" "" "2435"
"2436" "" "2436"
"2437" "" "2437"
"2438" "mrs_todgers::hand" "2438"
"2439" "" "2439"
"2440" "" "2440"
"2441" "" "2441"
"2442" "" "2442"
"2443" "" "2443"
"2444" "" "2444"
"2445" "" "2445"
"2446" "" "2446"
"2447" "" "2447"
"2448" "" "2448"
"2449" "" "2449"
"2450" "" "2450"
"2451" "" "2451"
"2452" "" "2452"
"2453" "" "2453"
"2454" "" "2454"
"2455" "" "2455"
"2456" "" "2456"
"2457" "" "2457"
"2458" "" "2458"
"2459" "" "2459"
"2460" "" "2460"
"2461" "pecksniff::little" "2461"
"2462" "" "2462"
"2463" "" "2463"
"2464" "" "2464"
"2465" "" "2465"
"2466" "" "2466"
"2467" "" "2467"
"2468" "" "2468"
"2469" "" "2469"
"2470" "" "2470"
"2471" "" "2471"
"2472" "pecksniff::little, pecksniff::present" "2472"
"2473" "pecksniff::finger" "2473"
"2474" "" "2474"
"2475" "" "2475"
"2476" "" "2476"
"2477" "" "2477"
"2478" "" "2478"
"2479" "" "2479"
"2480" "mrs_todgers::little, pecksniff::little" "2480"
"2481" "" "2481"
"2482" "" "2482"
"2483" "" "2483"
"2484" "" "2484"
"2485" "" "2485"
"2486" "" "2486"
"2487" "" "2487"
"2488" "" "2488"
"2489" "" "2489"
"2490" "" "2490"
"2491" "" "2491"
"2492" "pecksniff::work" "2492"
"2493" "pecksniff::round" "2493"
"2494" "" "2494"
"2495" "" "2495"
"2496" "" "2496"
"2497" "" "2497"
"2498" "" "2498"
"2499" "" "2499"
"2500" "" "2500"
"2501" "" "2501"
"2502" "" "2502"
"2503" "" "2503"
"2504" "" "2504"
"2505" "pecksniff::collect" "2505"
"2506" "" "2506"
"2507" "" "2507"
"2508" "" "2508"
"2509" "" "2509"
"2510" "" "2510"
"2511" "" "2511"
"2512" "" "2512"
"2513" "" "2513"
"2514" "" "2514"
"2515" "" "2515"
"2516" "" "2516"
"2517" "" "2517"
"2518" "" "2518"
"2519" "" "2519"
"2520" "jinkins::first, mr_gander::first, mrs_todgers::first, pecksniff::first" "2520"
"2521" "jinkins::room, mr_gander::room, mrs_todgers::room, pecksniff::room" "2521"
"2522" "bailey::search, bailey::time, jinkins::search, jinkins::time" "2522"
"2523" "bailey::end, jinkins::end" "2523"
"2524" "pecksniff::page" "2524"
"2525" "bailey::letters" "2525"
"2526" "" "2526"
"2527" "" "2527"
"2528" "todgers::calm" "2528"
"2529" "" "2529"
"2530" "" "2530"
"2531" "" "2531"
"2532" "" "2532"
"2533" "pecksniff::two" "2533"
"2534" "pecksniff::full" "2534"
"2535" "" "2535"
"2536" "" "2536"
"2537" "" "2537"
"2538" "" "2538"
"2539" "" "2539"
"2540" "" "2540"
"2541" "" "2541"
"2542" "pecksniff::known" "2542"
"2543" "" "2543"
"2544" "" "2544"
"2545" "" "2545"
"2546" "" "2546"
"2547" "" "2547"
"2548" "" "2548"
"2549" "pecksniff::hand" "2549"
"2550" "" "2550"
"2551" "" "2551"
"2552" "" "2552"
"2553" "" "2553"
"2554" "pecksniff::stir, pecksniff::time" "2554"
"2555" "" "2555"
"2556" "" "2556"
"2557" "" "2557"
"2558" "" "2558"
"2559" "" "2559"
"2560" "" "2560"
"2561" "" "2561"
"2562" "" "2562"
"2563" "" "2563"
"2564" "chuzzlewit::room" "2564"
"2565" "" "2565"
"2566" "" "2566"
"2567" "pecksniff::hand" "2567"
"2568" "" "2568"
"2569" "" "2569"
"2570" "" "2570"
"2571" "" "2571"
"2572" "pecksniff::relieved" "2572"
"2573" "" "2573"
"2574" "" "2574"
"2575" "" "2575"
"2576" "" "2576"
"2577" "" "2577"
"2578" "" "2578"
"2579" "" "2579"
"2580" "" "2580"
"2581" "" "2581"
"2582" "" "2582"
"2583" "" "2583"
"2584" "pecksniff::meeting" "2584"
"2585" "" "2585"
"2586" "" "2586"
"2587" "pecksniff::hand" "2587"
"2588" "" "2588"
"2589" "" "2589"
"2590" "" "2590"
"2591" "pecksniff::known" "2591"
"2592" "" "2592"
"2593" "" "2593"
"2594" "" "2594"
"2595" "" "2595"
"2596" "pecksniff::gentle" "2596"
"2597" "" "2597"
"2598" "" "2598"
"2599" "pecksniff::time" "2599"
"2600" "" "2600"
"2601" "pecksniff::back" "2601"
"2602" "" "2602"
"2603" "" "2603"
"2604" "chuzzlewit::can, chuzzlewit::love, pecksniffs::can, pecksniffs::love" "2604"
"2605" "" "2605"
"2606" "" "2606"
"2607" "pecksniff::bird" "2607"
"2608" "" "2608"
"2609" "" "2609"
"2610" "" "2610"
"2611" "" "2611"
"2612" "" "2612"
"2613" "pecksniff::time" "2613"
"2614" "" "2614"
"2615" "pecksniff::fear, pecksniff::talk" "2615"
"2616" "" "2616"
"2617" "" "2617"
"2618" "" "2618"
"2619" "" "2619"
"2620" "" "2620"
"2621" "pecksniff::#-wonder" "2621"
"2622" "" "2622"
"2623" "" "2623"
"2624" "" "2624"
"2625" "" "2625"
"2626" "" "2626"
"2627" "" "2627"
"2628" "" "2628"
"2629" "pecksniff::name" "2629"
"2630" "pecksniff::hot" "2630"
"2631" "" "2631"
"2632" "" "2632"
"2633" "" "2633"
"2634" "" "2634"
"2635" "pecksniff::back" "2635"
"2636" "" "2636"
"2637" "" "2637"
"2638" "" "2638"
"2639" "" "2639"
"2640" "" "2640"
"2641" "pecksniff::can, pecksniff::shelter" "2641"
"2642" "pecksniff::#-hope" "2642"
"2643" "" "2643"
"2644" "" "2644"
"2645" "" "2645"
"2646" "" "2646"
"2647" "" "2647"
"2648" "chuzzlewit::full" "2648"
"2649" "" "2649"
"2650" "" "2650"
"2651" "" "2651"
"2652" "" "2652"
"2653" "" "2653"
"2654" "" "2654"
"2655" "pecksniff::anger" "2655"
"2656" "" "2656"
"2657" "pecksniff::name" "2657"
"2658" "" "2658"
"2659" "" "2659"
"2660" "" "2660"
"2661" "" "2661"
"2662" "" "2662"
"2663" "" "2663"
"2664" "" "2664"
"2665" "" "2665"
"2666" "" "2666"
"2667" "pecksniff::hand" "2667"
"2668" "" "2668"
"2669" "" "2669"
"2670" "" "2670"
"2671" "" "2671"
"2672" "" "2672"
"2673" "" "2673"
"2674" "" "2674"
"2675" "" "2675"
"2676" "" "2676"
"2677" "" "2677"
"2678" "" "2678"
"2679" "" "2679"
"2680" "" "2680"
"2681" "pecksniffs::two" "2681"
"2682" "pecksniffs::love" "2682"
"2683" "chuzzlewit::frame, pecksniff::frame" "2683"
"2684" "chuzzlewit::cold, pecksniff::cold" "2684"
"2685" "" "2685"
"2686" "" "2686"
"2687" "" "2687"
"2688" "" "2688"
"2689" "" "2689"
"2690" "" "2690"
"2691" "pecksniff::time" "2691"
"2692" "" "2692"
"2693" "" "2693"
"2694" "" "2694"
"2695" "" "2695"
"2696" "chuzzlewit::can, chuzzlewit::reply, pecksniff::can, pecksniff::reply" "2696"
"2697" "" "2697"
"2698" "chuzzlewit::back, chuzzlewit::rest, pecksniff::back, pecksniff::rest" "2698"
"2699" "" "2699"
"2700" "" "2700"
"2701" "" "2701"
"2702" "" "2702"
"2703" "" "2703"
"2704" "" "2704"
"2705" "" "2705"
"2706" "" "2706"
"2707" "" "2707"
"2708" "pecksniff::time" "2708"
"2709" "pecksniff::actually" "2709"
"2710" "" "2710"
"2711" "" "2711"
"2712" "" "2712"
"2713" "" "2713"
"2714" "" "2714"
"2715" "" "2715"
"2716" "" "2716"
"2717" "" "2717"
"2718" "" "2718"
"2719" "" "2719"
"2720" "" "2720"
"2721" "" "2721"
"2722" "" "2722"
"2723" "" "2723"
"2724" "chuzzlewit::daughter" "2724"
"2725" "" "2725"
"2726" "" "2726"
"2727" "" "2727"
"2728" "" "2728"
"2729" "pecksniff::daughter, pecksniff::use" "2729"
"2730" "" "2730"
"2731" "" "2731"
"2732" "" "2732"
"2733" "" "2733"
"2734" "" "2734"
"2735" "" "2735"
"2736" "pecksniff::sense" "2736"
"2737" "" "2737"
"2738" "" "2738"
"2739" "" "2739"
"2740" "" "2740"
"2741" "pecksniff::wine" "2741"
"2742" "" "2742"
"2743" "" "2743"
"2744" "pecksniff::back" "2744"
"2745" "" "2745"
"2746" "pecksniff::gentle" "2746"
"2747" "" "2747"
"2748" "" "2748"
"2749" "pecksniff::back, pecksniff::little" "2749"
"2750" "" "2750"
"2751" "" "2751"
"2752" "" "2752"
"2753" "" "2753"
"2754" "" "2754"
"2755" "" "2755"
"2756" "" "2756"
"2757" "" "2757"
"2758" "" "2758"
"2759" "" "2759"
"2760" "" "2760"
"2761" "" "2761"
"2762" "" "2762"
"2763" "" "2763"
"2764" "" "2764"
"2765" "jinkins::wrong, mrs_todgers::wrong" "2765"
"2766" "" "2766"
"2767" "" "2767"
"2768" "jinkins::point, mrs_todgers::point" "2768"
"2769" "" "2769"
"2770" "" "2770"
"2771" "" "2771"
"2772" "" "2772"
"2773" "" "2773"
"2774" "" "2774"
"2775" "" "2775"
"2776" "" "2776"
"2777" "" "2777"
"2778" "" "2778"
"2779" "" "2779"
"2780" "jinkins::account, jinkins::hope" "2780"
"2781" "" "2781"
"2782" "" "2782"
"2783" "" "2783"
"2784" "" "2784"
"2785" "" "2785"
"2786" "" "2786"
"2787" "" "2787"
"2788" "" "2788"
"2789" "" "2789"
"2790" "" "2790"
"2791" "" "2791"
"2792" "" "2792"
"2793" "" "2793"
"2794" "jinkins::beg, mrs_todgers::beg" "2794"
"2795" "" "2795"
"2796" "jinkins::can" "2796"
"2797" "jinkins::private, mrs_todgers::private" "2797"
"2798" "" "2798"
"2799" "mrs_todgers::#-sense" "2799"
"2800" "mrs_todgers::back, mrs_todgers::end" "2800"
"2801" "mrs_todgers::back, mrs_todgers::room, mrs_todgers::temper" "2801"
"2802" "" "2802"
"2803" "" "2803"
"2804" "" "2804"
"2805" "" "2805"
"2806" "" "2806"
"2807" "" "2807"
"2808" "mrs_todgers::account" "2808"
"2809" "" "2809"
"2810" "" "2810"
"2811" "" "2811"
"2812" "" "2812"
"2813" "" "2813"
"2814" "" "2814"
"2815" "" "2815"
"2816" "" "2816"
"2817" "" "2817"
"2818" "" "2818"
"2819" "" "2819"
"2820" "" "2820"
"2821" "" "2821"
"2822" "" "2822"
"2823" "" "2823"
"2824" "" "2824"
"2825" "" "2825"
"2826" "" "2826"
"2827" "" "2827"
"2828" "" "2828"
"2829" "" "2829"
"2830" "" "2830"
"2831" "" "2831"
"2832" "" "2832"
"2833" "" "2833"
"2834" "" "2834"
"2835" "bailey::point" "2835"
"2836" "todgers::roof" "2836"
"2837" "bailey::work" "2837"
"2838" "" "2838"
"2839" "" "2839"
"2840" "" "2840"
"2841" "" "2841"
"2842" "" "2842"
"2843" "" "2843"
"2844" "" "2844"
"2845" "" "2845"
"2846" "" "2846"
"2847" "" "2847"
"2848" "" "2848"
"2849" "" "2849"
"2850" "" "2850"
"2851" "" "2851"
"2852" "" "2852"
"2853" "" "2853"
"2854" "" "2854"
"2855" "" "2855"
"2856" "" "2856"
"2857" "" "2857"
"2858" "" "2858"
"2859" "" "2859"
"2860" "" "2860"
"2861" "" "2861"
"2862" "bailey::found, bailey::strange" "2862"
"2863" "" "2863"
"2864" "" "2864"
"2865" "" "2865"
"2866" "jonas_chuzzlewit::hand" "2866"
"2867" "" "2867"
"2868" "" "2868"
"2869" "" "2869"
"2870" "" "2870"
"2871" "" "2871"
"2872" "" "2872"
"2873" "" "2873"
"2874" "" "2874"
"2875" "" "2875"
"2876" "" "2876"
"2877" "" "2877"
"2878" "" "2878"
"2879" "jonas::reply, jonas::strange" "2879"
"2880" "" "2880"
"2881" "" "2881"
"2882" "" "2882"
"2883" "" "2883"
"2884" "" "2884"
"2885" "jonas::laugh" "2885"
"2886" "" "2886"
"2887" "" "2887"
"2888" "" "2888"
"2889" "" "2889"
"2890" "" "2890"
"2891" "" "2891"
"2892" "" "2892"
"2893" "" "2893"
"2894" "" "2894"
"2895" "" "2895"
"2896" "" "2896"
"2897" "jonas::trouble" "2897"
"2898" "" "2898"
"2899" "" "2899"
"2900" "" "2900"
"2901" "jonas::crown" "2901"
"2902" "" "2902"
"2903" "" "2903"
"2904" "" "2904"
"2905" "jonas::prevent" "2905"
"2906" "" "2906"
"2907" "" "2907"
"2908" "" "2908"
"2909" "jonas::book" "2909"
"2910" "" "2910"
"2911" "jonas::can, jonas::trouble" "2911"
"2912" "jonas::#-use" "2912"
"2913" "" "2913"
"2914" "" "2914"
"2915" "pecksniff::back" "2915"
"2916" "" "2916"
"2917" "" "2917"
"2918" "" "2918"
"2919" "" "2919"
"2920" "" "2920"
"2921" "" "2921"
"2922" "" "2922"
"2923" "" "2923"
"2924" "" "2924"
"2925" "" "2925"
"2926" "" "2926"
"2927" "" "2927"
"2928" "" "2928"
"2929" "" "2929"
"2930" "" "2930"
"2931" "" "2931"
"2932" "bailey::window, jonas::window" "2932"
"2933" "jonas::first, jonas::test" "2933"
"2934" "jonas::charge" "2934"
"2935" "" "2935"
"2936" "jonas::time" "2936"
"2937" "" "2937"
"2938" "jonas::point" "2938"
"2939" "anthony_chuzzlewit::dusty, anthony_chuzzlewit::street, anthony_chuzzlewit::warm, anthony_chuzzlewit::work" "2939"
"2940" "anthony_chuzzlewit::dirty, anthony_chuzzlewit::thought" "2940"
"2941" "" "2941"
"2942" "" "2942"
"2943" "" "2943"
"2944" "" "2944"
"2945" "anthony::dinner" "2945"
"2946" "" "2946"
"2947" "" "2947"
"2948" "" "2948"
"2949" "" "2949"
"2950" "" "2950"
"2951" "" "2951"
"2952" "" "2952"
"2953" "" "2953"
"2954" "" "2954"
"2955" "" "2955"
"2956" "" "2956"
"2957" "" "2957"
"2958" "" "2958"
"2959" "" "2959"
"2960" "" "2960"
"2961" "jonas::laugh" "2961"
"2962" "" "2962"
"2963" "jonas::near" "2963"
"2964" "" "2964"
"2965" "jonas::room" "2965"
"2966" "" "2966"
"2967" "" "2967"
"2968" "" "2968"
"2969" "" "2969"
"2970" "" "2970"
"2971" "" "2971"
"2972" "" "2972"
"2973" "" "2973"
"2974" "" "2974"
"2975" "" "2975"
"2976" "" "2976"
"2977" "" "2977"
"2978" "" "2978"
"2979" "" "2979"
"2980" "" "2980"
"2981" "" "2981"
"2982" "" "2982"
"2983" "" "2983"
"2984" "" "2984"
"2985" "" "2985"
"2986" "" "2986"
"2987" "" "2987"
"2988" "" "2988"
"2989" "" "2989"
"2990" "" "2990"
"2991" "" "2991"
"2992" "" "2992"
"2993" "" "2993"
"2994" "" "2994"
"2995" "jonas::time" "2995"
"2996" "" "2996"
"2997" "" "2997"
"2998" "" "2998"
"2999" "" "2999"
"3000" "jonas::partner" "3000"
"3001" "" "3001"
"3002" "" "3002"
"3003" "" "3003"
"3004" "" "3004"
"3005" "" "3005"
"3006" "jonas::file" "3006"
"3007" "" "3007"
"3008" "" "3008"
"3009" "" "3009"
"3010" "chuzzlewit::ready" "3010"
"3011" "" "3011"
"3012" "" "3012"
"3013" "" "3013"
"3014" "" "3014"
"3015" "" "3015"
"3016" "" "3016"
"3017" "jonas::horse" "3017"
"3018" "jonas::thought" "3018"
"3019" "" "3019"
"3020" "jonas::amused" "3020"
"3021" "jonas::point" "3021"
"3022" "anthony_chuzzlewit::strange" "3022"
"3023" "" "3023"
"3024" "" "3024"
"3025" "" "3025"
"3026" "" "3026"
"3027" "" "3027"
"3028" "" "3028"
"3029" "" "3029"
"3030" "" "3030"
"3031" "" "3031"
"3032" "chuffey::person, chuffey::plate, jonas::person, jonas::plate" "3032"
"3033" "" "3033"
"3034" "" "3034"
"3035" "" "3035"
"3036" "" "3036"
"3037" "" "3037"
"3038" "" "3038"
"3039" "" "3039"
"3040" "" "3040"
"3041" "" "3041"
"3042" "" "3042"
"3043" "" "3043"
"3044" "" "3044"
"3045" "" "3045"
"3046" "" "3046"
"3047" "" "3047"
"3048" "jonas::full" "3048"
"3049" "" "3049"
"3050" "" "3050"
"3051" "" "3051"
"3052" "" "3052"
"3053" "" "3053"
"3054" "jonas::#-ca, jonas::can" "3054"
"3055" "jonas::trouble" "3055"
"3056" "jonas::#-trouble" "3056"
"3057" "" "3057"
"3058" "" "3058"
"3059" "jonas::depend" "3059"
"3060" "jonas::little, jonas::polite" "3060"
"3061" "" "3061"
"3062" "" "3062"
"3063" "" "3063"
"3064" "" "3064"
"3065" "" "3065"
"3066" "" "3066"
"3067" "" "3067"
"3068" "" "3068"
"3069" "" "3069"
"3070" "anthony::present" "3070"
"3071" "" "3071"
"3072" "chuffey::back, chuffey::thought" "3072"
"3073" "chuffey::thought" "3073"
"3074" "" "3074"
"3075" "" "3075"
"3076" "" "3076"
"3077" "anthony::stage, cherry::stage, jonas::stage" "3077"
"3078" "jonas::dirty, jonas::money" "3078"
"3079" "jonas::large" "3079"
"3080" "" "3080"
"3081" "jonas::account" "3081"
"3082" "" "3082"
"3083" "" "3083"
"3084" "pecksniff::time" "3084"
"3085" "jonas::little" "3085"
"3086" "" "3086"
"3087" "" "3087"
"3088" "" "3088"
"3089" "" "3089"
"3090" "" "3090"
"3091" "" "3091"
"3092" "cherry::love" "3092"
"3093" "" "3093"
"3094" "" "3094"
"3095" "" "3095"
"3096" "" "3096"
"3097" "jonas::laugh" "3097"
"3098" "jonas::little, jonas::time, jonas::wrong" "3098"
"3099" "" "3099"
"3100" "jinkins::fat" "3100"
"3101" "" "3101"
"3102" "" "3102"
"3103" "" "3103"
"3104" "" "3104"
"3105" "" "3105"
"3106" "" "3106"
"3107" "pecksniff::love, pecksniffs::love" "3107"
"3108" "" "3108"
"3109" "" "3109"
"3110" "" "3110"
"3111" "mrs_todgers::two" "3111"
"3112" "" "3112"
"3113" "" "3113"
"3114" "" "3114"
"3115" "" "3115"
"3116" "" "3116"
"3117" "" "3117"
"3118" "" "3118"
"3119" "" "3119"
"3120" "mrs_todgers::two, pecksniffs::two" "3120"
"3121" "" "3121"
"3122" "" "3122"
"3123" "mrs_todgers::time" "3123"
"3124" "" "3124"
"3125" "mrs_todgers::thought" "3125"
"3126" "mrs_todgers::two" "3126"
"3127" "" "3127"
"3128" "" "3128"
"3129" "" "3129"
"3130" "" "3130"
"3131" "" "3131"
"3132" "" "3132"
"3133" "" "3133"
"3134" "" "3134"
"3135" "" "3135"
"3136" "" "3136"
"3137" "" "3137"
"3138" "" "3138"
"3139" "" "3139"
"3140" "" "3140"
"3141" "" "3141"
"3142" "" "3142"
"3143" "" "3143"
"3144" "" "3144"
"3145" "" "3145"
"3146" "" "3146"
"3147" "" "3147"
"3148" "" "3148"
"3149" "" "3149"
"3150" "" "3150"
"3151" "" "3151"
"3152" "" "3152"
"3153" "" "3153"
"3154" "" "3154"
"3155" "bailey::future, bailey::reply, bailey::thought" "3155"
"3156" "" "3156"
"3157" "" "3157"
"3158" "" "3158"
"3159" "" "3159"
"3160" "" "3160"
"3161" "" "3161"
"3162" "" "3162"
"3163" "" "3163"
"3164" "" "3164"
"3165" "" "3165"
"3166" "" "3166"
"3167" "" "3167"
"3168" "" "3168"
"3169" "" "3169"
"3170" "" "3170"
"3171" "" "3171"
"3172" "" "3172"
"3173" "" "3173"
"3174" "" "3174"
"3175" "" "3175"
"3176" "" "3176"
"3177" "" "3177"
"3178" "" "3178"
"3179" "pecksniff::sense" "3179"
"3180" "" "3180"
"3181" "" "3181"
"3182" "" "3182"
"3183" "anthony::rest, pecksniff::rest" "3183"
"3184" "" "3184"
"3185" "pecksniff::two" "3185"
"3186" "pecksniff::delightful" "3186"
"3187" "" "3187"
"3188" "pecksniff::bow" "3188"
"3189" "" "3189"
"3190" "" "3190"
"3191" "" "3191"
"3192" "" "3192"
"3193" "" "3193"
"3194" "" "3194"
"3195" "" "3195"
"3196" "" "3196"
"3197" "" "3197"
"3198" "" "3198"
"3199" "" "3199"
"3200" "anthony::little, pecksniff::little, tut::little" "3200"
"3201" "" "3201"
"3202" "" "3202"
"3203" "" "3203"
"3204" "" "3204"
"3205" "" "3205"
"3206" "" "3206"
"3207" "" "3207"
"3208" "" "3208"
"3209" "" "3209"
"3210" "" "3210"
"3211" "" "3211"
"3212" "" "3212"
"3213" "anthony::excuse, anthony::hand, anthony::position, pecksniff::excuse, pecksniff::hand, pecksniff::position" "3213"
"3214" "" "3214"
"3215" "" "3215"
"3216" "pecksniff::familiar, pecksniff::sense" "3216"
"3217" "" "3217"
"3218" "" "3218"
"3219" "" "3219"
"3220" "" "3220"
"3221" "" "3221"
"3222" "" "3222"
"3223" "" "3223"
"3224" "" "3224"
"3225" "" "3225"
"3226" "" "3226"
"3227" "" "3227"
"3228" "" "3228"
"3229" "" "3229"
"3230" "martin_chuzzlewit::comfortable, martin_chuzzlewit::little, martin::comfortable, martin::little" "3230"
"3231" "" "3231"
"3232" "" "3232"
"3233" "" "3233"
"3234" "" "3234"
"3235" "" "3235"
"3236" "" "3236"
"3237" "" "3237"
"3238" "" "3238"
"3239" "" "3239"
"3240" "" "3240"
"3241" "" "3241"
"3242" "" "3242"
"3243" "" "3243"
"3244" "" "3244"
"3245" "martin::person, tom::person" "3245"
"3246" "" "3246"
"3247" "" "3247"
"3248" "martin::two, tom::two" "3248"
"3249" "" "3249"
"3250" "" "3250"
"3251" "" "3251"
"3252" "" "3252"
"3253" "tom::#-idea, tom::first" "3253"
"3254" "" "3254"
"3255" "martin::married, tom::married" "3255"
"3256" "" "3256"
"3257" "martin::hope, martin::married" "3257"
"3258" "" "3258"
"3259" "" "3259"
"3260" "" "3260"
"3261" "" "3261"
"3262" "" "3262"
"3263" "" "3263"
"3264" "" "3264"
"3265" "tom::#-name" "3265"
"3266" "" "3266"
"3267" "" "3267"
"3268" "" "3268"
"3269" "" "3269"
"3270" "" "3270"
"3271" "tom::first" "3271"
"3272" "" "3272"
"3273" "" "3273"
"3274" "" "3274"
"3275" "" "3275"
"3276" "martin::found, martin::little" "3276"
"3277" "tom::gentle" "3277"
"3278" "" "3278"
"3279" "" "3279"
"3280" "tom_pinch::doubtful, tom::doubtful" "3280"
"3281" "" "3281"
"3282" "tom::hope" "3282"
"3283" "" "3283"
"3284" "" "3284"
"3285" "" "3285"
"3286" "tom::name, tom::person" "3286"
"3287" "" "3287"
"3288" "" "3288"
"3289" "" "3289"
"3290" "" "3290"
"3291" "" "3291"
"3292" "" "3292"
"3293" "" "3293"
"3294" "" "3294"
"3295" "" "3295"
"3296" "" "3296"
"3297" "" "3297"
"3298" "" "3298"
"3299" "" "3299"
"3300" "" "3300"
"3301" "martin::strange" "3301"
"3302" "" "3302"
"3303" "johns::little, martin::little" "3303"
"3304" "" "3304"
"3305" "john::dinner" "3305"
"3306" "john::money, john::point, pecksniff::money, pecksniff::point" "3306"
"3307" "john::week, pecksniff::week" "3307"
"3308" "john::back, john::first, tom::back, tom::first" "3308"
"3309" "" "3309"
"3310" "" "3310"
"3311" "" "3311"
"3312" "tom::little" "3312"
"3313" "" "3313"
"3314" "" "3314"
"3315" "" "3315"
"3316" "" "3316"
"3317" "" "3317"
"3318" "" "3318"
"3319" "" "3319"
"3320" "" "3320"
"3321" "" "3321"
"3322" "tom::cold" "3322"
"3323" "" "3323"
"3324" "" "3324"
"3325" "" "3325"
"3326" "" "3326"
"3327" "" "3327"
"3328" "" "3328"
"3329" "" "3329"
"3330" "" "3330"
"3331" "" "3331"
"3332" "" "3332"
"3333" "" "3333"
"3334" "" "3334"
"3335" "" "3335"
"3336" "" "3336"
"3337" "" "3337"
"3338" "" "3338"
"3339" "" "3339"
"3340" "tom::fade" "3340"
"3341" "" "3341"
"3342" "" "3342"
"3343" "" "3343"
"3344" "" "3344"
"3345" "" "3345"
"3346" "" "3346"
"3347" "" "3347"
"3348" "--_john::#-time" "3348"
"3349" "tom::hand" "3349"
"3350" "" "3350"
"3351" "" "3351"
"3352" "" "3352"
"3353" "" "3353"
"3354" "" "3354"
"3355" "john_westlock::dinner, tom::dinner" "3355"
"3356" "" "3356"
"3357" "" "3357"
"3358" "" "3358"
"3359" "" "3359"
"3360" "" "3360"
"3361" "john::birds, john::fish, john::wrong" "3361"
"3362" "" "3362"
"3363" "" "3363"
"3364" "john::carve, john::gorgeous, john::pie, john::wall, tom_pinch::carve, tom_pinch::gorgeous, tom_pinch::pie, tom_pinch::wall" "3364"
"3365" "john::laugh, john::round, john::wine, tom_pinch::laugh, tom_pinch::round, tom_pinch::wine" "3365"
"3366" "" "3366"
"3367" "john::broad" "3367"
"3368" "" "3368"
"3369" "" "3369"
"3370" "" "3370"
"3371" "" "3371"
"3372" "" "3372"
"3373" "" "3373"
"3374" "" "3374"
"3375" "" "3375"
"3376" "" "3376"
"3377" "" "3377"
"3378" "" "3378"
"3379" "" "3379"
"3380" "" "3380"
"3381" "" "3381"
"3382" "" "3382"
"3383" "" "3383"
"3384" "" "3384"
"3385" "" "3385"
"3386" "" "3386"
"3387" "martin::strange" "3387"
"3388" "john_westlock::money, martin::money" "3388"
"3389" "" "3389"
"3390" "john::experience, john::legs, john::wine, martin::experience, martin::legs, martin::wine, pecksniff::experience, pecksniff::legs, pecksniff::wine" "3390"
"3391" "" "3391"
"3392" "" "3392"
"3393" "" "3393"
"3394" "" "3394"
"3395" "" "3395"
"3396" "pecksniff::use" "3396"
"3397" "" "3397"
"3398" "" "3398"
"3399" "" "3399"
"3400" "" "3400"
"3401" "" "3401"
"3402" "martin::can" "3402"
"3403" "" "3403"
"3404" "" "3404"
"3405" "" "3405"
"3406" "" "3406"
"3407" "" "3407"
"3408" "john_westlock::talk" "3408"
"3409" "" "3409"
"3410" "" "3410"
"3411" "" "3411"
"3412" "" "3412"
"3413" "" "3413"
"3414" "" "3414"
"3415" "john_westlock::can" "3415"
"3416" "john_westlock::boy" "3416"
"3417" "" "3417"
"3418" "" "3418"
"3419" "" "3419"
"3420" "" "3420"
"3421" "" "3421"
"3422" "" "3422"
"3423" "" "3423"
"3424" "martin::continue" "3424"
"3425" "" "3425"
"3426" "" "3426"
"3427" "" "3427"
"3428" "" "3428"
"3429" "john_westlock::auspicious" "3429"
"3430" "" "3430"
"3431" "" "3431"
"3432" "" "3432"
"3433" "" "3433"
"3434" "" "3434"
"3435" "pecksniff::can" "3435"
"3436" "" "3436"
"3437" "" "3437"
"3438" "" "3438"
"3439" "john::time" "3439"
"3440" "" "3440"
"3441" "tom_pinch::box" "3441"
"3442" "" "3442"
"3443" "" "3443"
"3444" "martin::box, pecksniff::box, tom::box" "3444"
"3445" "" "3445"
"3446" "" "3446"
"3447" "john_westlock::hand, tom::hand" "3447"
"3448" "" "3448"
"3449" "" "3449"
"3450" "" "3450"
"3451" "john::money" "3451"
"3452" "" "3452"
"3453" "" "3453"
"3454" "" "3454"
"3455" "" "3455"
"3456" "" "3456"
"3457" "" "3457"
"3458" "" "3458"
"3459" "" "3459"
"3460" "tom::time" "3460"
"3461" "" "3461"
"3462" "" "3462"
"3463" "" "3463"
"3464" "john::excuse" "3464"
"3465" "tom::love, tom::overjoyed" "3465"
"3466" "" "3466"
"3467" "john::excuse" "3467"
"3468" "" "3468"
"3469" "" "3469"
"3470" "" "3470"
"3471" "" "3471"
"3472" "" "3472"
"3473" "tom::wrong" "3473"
"3474" "" "3474"
"3475" "" "3475"
"3476" "" "3476"
"3477" "" "3477"
"3478" "" "3478"
"3479" "" "3479"
"3480" "" "3480"
"3481" "" "3481"
"3482" "" "3482"
"3483" "" "3483"
"3484" "john_westlock::little, martin_chuzzlewit::little, tom_pinch::little" "3484"
"3485" "" "3485"
"3486" "" "3486"
"3487" "" "3487"
"3488" "john_westlock::two" "3488"
"3489" "john::shoes" "3489"
"3490" "" "3490"
"3491" "" "3491"
"3492" "john::little" "3492"
"3493" "" "3493"
"3494" "" "3494"
"3495" "" "3495"
"3496" "john_westlock::money" "3496"
"3497" "john_westlock::present" "3497"
"3498" "" "3498"
"3499" "" "3499"
"3500" "" "3500"
"3501" "" "3501"
"3502" "tom::can" "3502"
"3503" "tom::money" "3503"
"3504" "tom::open" "3504"
"3505" "" "3505"
"3506" "john::hope, mr_pinch::hope, tom::hope, westlock::hope" "3506"
"3507" "" "3507"
"3508" "" "3508"
"3509" "" "3509"
"3510" "john::laugh" "3510"
"3511" "" "3511"
"3512" "" "3512"
"3513" "john::point, mr_pinch::point" "3513"
"3514" "" "3514"
"3515" "john::back, john::money" "3515"
"3516" "tom::open" "3516"
"3517" "tom::overjoyed" "3517"
"3518" "" "3518"
"3519" "john::hand" "3519"
"3520" "" "3520"
"3521" "tom::comfortable" "3521"
"3522" "tom_pecksniff::back" "3522"
"3523" "" "3523"
"3524" "john_westlock::full, tom_pinch::full" "3524"
"3525" "john_westlock::back, john_westlock::two" "3525"
"3526" "john_westlock::spare" "3526"
"3527" "martin::found, martin::person, tom_pinch::found, tom_pinch::person" "3527"
"3528" "" "3528"
"3529" "" "3529"
"3530" "" "3530"
"3531" "" "3531"
"3532" "" "3532"
"3533" "martin::safe, pecksniff::safe, pinch::safe, tom::safe" "3533"
"3534" "pecksniff::time, pecksniff::waiting" "3534"
"3535" "pecksniff::end" "3535"
"3536" "" "3536"
"3537" "martin::condition, westlock::condition" "3537"
"3538" "tom::dinner" "3538"
"3539" "" "3539"
"3540" "" "3540"
"3541" "" "3541"
"3542" "" "3542"
"3543" "" "3543"
"3544" "" "3544"
"3545" "" "3545"
"3546" "" "3546"
"3547" "" "3547"
"3548" "" "3548"
"3549" "" "3549"
"3550" "" "3550"
"3551" "" "3551"
"3552" "" "3552"
"3553" "" "3553"
"3554" "" "3554"
"3555" "" "3555"
"3556" "" "3556"
"3557" "" "3557"
"3558" "" "3558"
"3559" "" "3559"
"3560" "" "3560"
"3561" "" "3561"
"3562" "" "3562"
"3563" "" "3563"
"3564" "tom::little, tom::strange" "3564"
"3565" "" "3565"
"3566" "mr_pinch::#-little, mr_pinch::hot, pecksniff::#-little, pecksniff::hot, tom::#-little, tom::hot" "3566"
"3567" "" "3567"
"3568" "" "3568"
"3569" "" "3569"
"3570" "" "3570"
"3571" "" "3571"
"3572" "" "3572"
"3573" "mr_pinch::hand, mr_pinch::present, pecksniff::hand, pecksniff::present" "3573"
"3574" "" "3574"
"3575" "" "3575"
"3576" "" "3576"
"3577" "" "3577"
"3578" "martin::end, martin::trouble, martin::two, pecksniff::end, pecksniff::trouble, pecksniff::two, tom::end, tom::trouble, tom::two" "3578"
"3579" "pecksniff::hand, pecksniff::two" "3579"
"3580" "" "3580"
"3581" "" "3581"
"3582" "pecksniff::deeply, pecksniff::talk, pecksniff::trouble" "3582"
"3583" "" "3583"
"3584" "" "3584"
"3585" "" "3585"
"3586" "" "3586"
"3587" "" "3587"
"3588" "" "3588"
"3589" "" "3589"
"3590" "" "3590"
"3591" "" "3591"
"3592" "" "3592"
"3593" "" "3593"
"3594" "pecksniff::cold" "3594"
"3595" "" "3595"
"3596" "" "3596"
"3597" "" "3597"
"3598" "pecksniff::hand" "3598"
"3599" "" "3599"
"3600" "pecksniff::back, tom_pinch::back" "3600"
"3601" "" "3601"
"3602" "" "3602"
"3603" "" "3603"
"3604" "" "3604"
"3605" "" "3605"
"3606" "" "3606"
"3607" "" "3607"
"3608" "" "3608"
"3609" "" "3609"
"3610" "" "3610"
"3611" "" "3611"
"3612" "martin::dirty" "3612"
"3613" "" "3613"
"3614" "" "3614"
"3615" "" "3615"
"3616" "" "3616"
"3617" "tom_pinch::distance" "3617"
"3618" "" "3618"
"3619" "" "3619"
"3620" "" "3620"
"3621" "" "3621"
"3622" "" "3622"
"3623" "" "3623"
"3624" "" "3624"
"3625" "" "3625"
"3626" "" "3626"
"3627" "" "3627"
"3628" "" "3628"
"3629" "" "3629"
"3630" "" "3630"
"3631" "" "3631"
"3632" "" "3632"
"3633" "" "3633"
"3634" "" "3634"
"3635" "" "3635"
"3636" "tom::book" "3636"
"3637" "" "3637"
"3638" "" "3638"
"3639" "" "3639"
"3640" "" "3640"
"3641" "" "3641"
"3642" "martin::book, mr_pecksniff::book, tom_pinch::book" "3642"
"3643" "martin::little, mr_pecksniff::little, tom_pinch::little" "3643"
"3644" "" "3644"
"3645" "" "3645"
"3646" "" "3646"
"3647" "" "3647"
"3648" "" "3648"
"3649" "" "3649"
"3650" "" "3650"
"3651" "" "3651"
"3652" "" "3652"
"3653" "" "3653"
"3654" "tom_pinch::back" "3654"
"3655" "tom::cold, tom::point" "3655"
"3656" "" "3656"
"3657" "" "3657"
"3658" "" "3658"
"3659" "" "3659"
"3660" "" "3660"
"3661" "" "3661"
"3662" "" "3662"
"3663" "" "3663"
"3664" "" "3664"
"3665" "" "3665"
"3666" "martin::gold, tom::gold" "3666"
"3667" "" "3667"
"3668" "tom::#-time" "3668"
"3669" "pecksniff::dry, pecksniff::little" "3669"
"3670" "pecksniff::mug" "3670"
"3671" "pecksniff::mug, pecksniff::plate" "3671"
"3672" "" "3672"
"3673" "pecksniff::window" "3673"
"3674" "pecksniff::order, pecksniff::window" "3674"
"3675" "martin::room" "3675"
"3676" "" "3676"
"3677" "martin::glove" "3677"
"3678" "" "3678"
"3679" "" "3679"
"3680" "" "3680"
"3681" "" "3681"
"3682" "martin::horse" "3682"
"3683" "" "3683"
"3684" "" "3684"
"3685" "martin::horse" "3685"
"3686" "" "3686"
"3687" "" "3687"
"3688" "" "3688"
"3689" "" "3689"
"3690" "" "3690"
"3691" "" "3691"
"3692" "" "3692"
"3693" "" "3693"
"3694" "martin::little" "3694"
"3695" "" "3695"
"3696" "" "3696"
"3697" "" "3697"
"3698" "" "3698"
"3699" "" "3699"
"3700" "" "3700"
"3701" "" "3701"
"3702" "" "3702"
"3703" "" "3703"
"3704" "martin::end" "3704"
"3705" "" "3705"
"3706" "" "3706"
"3707" "" "3707"
"3708" "martin::#-object" "3708"
"3709" "" "3709"
"3710" "martin::mug" "3710"
"3711" "" "3711"
"3712" "" "3712"
"3713" "bill::rest, bill::time, martin::rest, martin::time, william_simmons::rest, william_simmons::time" "3713"
"3714" "" "3714"
"3715" "" "3715"
"3716" "" "3716"
"3717" "bill::guard, lummy_ned::guard, salisbury::guard" "3717"
"3718" "" "3718"
"3719" "" "3719"
"3720" "" "3720"
"3721" "" "3721"
"3722" "" "3722"
"3723" "" "3723"
"3724" "" "3724"
"3725" "" "3725"
"3726" "" "3726"
"3727" "" "3727"
"3728" "" "3728"
"3729" "" "3729"
"3730" "" "3730"
"3731" "" "3731"
"3732" "" "3732"
"3733" "" "3733"
"3734" "" "3734"
"3735" "" "3735"
"3736" "ned::line, ned::public" "3736"
"3737" "" "3737"
"3738" "" "3738"
"3739" "" "3739"
"3740" "martin::money, martin::yard" "3740"
"3741" "" "3741"
"3742" "martin::reply" "3742"
"3743" "martin::guard, martin::name, martin::time" "3743"
"3744" "" "3744"
"3745" "" "3745"
"3746" "" "3746"
"3747" "" "3747"
"3748" "" "3748"
"3749" "" "3749"
"3750" "" "3750"
"3751" "pecksniff::open" "3751"
"3752" "pecksniff::found" "3752"
"3753" "" "3753"
"3754" "martin::clean, martin::rest" "3754"
"3755" "martin::time" "3755"
"3756" "" "3756"
"3757" "" "3757"
"3758" "" "3758"
"3759" "martin::back, martin::end, martin::first, martin::little, martin::private" "3759"
"3760" "" "3760"
"3761" "martin::box" "3761"
"3762" "" "3762"
"3763" "martin::back" "3763"
"3764" "martin::full" "3764"
"3765" "" "3765"
"3766" "" "3766"
"3767" "" "3767"
"3768" "" "3768"
"3769" "" "3769"
"3770" "" "3770"
"3771" "" "3771"
"3772" "" "3772"
"3773" "" "3773"
"3774" "" "3774"
"3775" "mr_tigg::name" "3775"
"3776" "" "3776"
"3777" "" "3777"
"3778" "" "3778"
"3779" "mayfair::elegant" "3779"
"3780" "" "3780"
"3781" "martin::box, martin::round" "3781"
"3782" "martin::little, mr_tigg::little" "3782"
"3783" "" "3783"
"3784" "" "3784"
"3785" "" "3785"
"3786" "martin::can" "3786"
"3787" "tigg::money" "3787"
"3788" "david::money" "3788"
"3789" "" "3789"
"3790" "" "3790"
"3791" "david::can, martin::can" "3791"
"3792" "" "3792"
"3793" "" "3793"
"3794" "" "3794"
"3795" "" "3795"
"3796" "" "3796"
"3797" "" "3797"
"3798" "" "3798"
"3799" "martin::money" "3799"
"3800" "martin::point" "3800"
"3801" "" "3801"
"3802" "" "3802"
"3803" "" "3803"
"3804" "" "3804"
"3805" "" "3805"
"3806" "" "3806"
"3807" "" "3807"
"3808" "" "3808"
"3809" "martin::hand, tigg::hand" "3809"
"3810" "" "3810"
"3811" "" "3811"
"3812" "" "3812"
"3813" "" "3813"
"3814" "" "3814"
"3815" "" "3815"
"3816" "" "3816"
"3817" "" "3817"
"3818" "" "3818"
"3819" "" "3819"
"3820" "" "3820"
"3821" "" "3821"
"3822" "martin::money" "3822"
"3823" "" "3823"
"3824" "" "3824"
"3825" "" "3825"
"3826" "" "3826"
"3827" "martin::known, martin::prevent, slyme::known, slyme::prevent, tigg::known, tigg::prevent" "3827"
"3828" "" "3828"
"3829" "" "3829"
"3830" "pecksniff::box, pecksniff::hope, tom_pinch::box, tom_pinch::hope" "3830"
"3831" "pecksniff::present, tom_pinch::present" "3831"
"3832" "pecksniff::money, tom_pinch::money" "3832"
"3833" "pecksniff::strange, tom_pinch::strange" "3833"
"3834" "pecksniff::back, pecksniff::first, pecksniff::person, pecksniff::time, tom_pinch::back, tom_pinch::first, tom_pinch::person, tom_pinch::time" "3834"
"3835" "" "3835"
"3836" "pecksniff::first, pecksniff::object, tom_pinch::first, tom_pinch::object" "3836"
"3837" "pecksniff::first, pecksniff::sense, pecksniff::stem, pecksniff::thought, tom_pinch::first, tom_pinch::sense, tom_pinch::stem, tom_pinch::thought" "3837"
"3838" "" "3838"
"3839" "" "3839"
"3840" "" "3840"
"3841" "" "3841"
"3842" "" "3842"
"3843" "" "3843"
"3844" "" "3844"
"3845" "" "3845"
"3846" "" "3846"
"3847" "" "3847"
"3848" "" "3848"
"3849" "" "3849"
"3850" "" "3850"
"3851" "" "3851"
"3852" "" "3852"
"3853" "john::found, john::money" "3853"
"3854" "tom::idea, tom::thought" "3854"
"3855" "" "3855"
"3856" "" "3856"
"3857" "" "3857"
"3858" "" "3858"
"3859" "martin_chuzzlewit::hand" "3859"
"3860" "" "3860"
"3861" "" "3861"
"3862" "" "3862"
"3863" "" "3863"
"3864" "martin::found, martin::name" "3864"
"3865" "martin::time" "3865"
"3866" "martin::comfortable, martin::time" "3866"
"3867" "" "3867"
"3868" "" "3868"
"3869" "" "3869"
"3870" "" "3870"
"3871" "" "3871"
"3872" "" "3872"
"3873" "" "3873"
"3874" "" "3874"
"3875" "" "3875"
"3876" "" "3876"
"3877" "" "3877"
"3878" "" "3878"
"3879" "" "3879"
"3880" "" "3880"
"3881" "" "3881"
"3882" "" "3882"
"3883" "" "3883"
"3884" "" "3884"
"3885" "mark::street, martin::street" "3885"
"3886" "" "3886"
"3887" "" "3887"
"3888" "" "3888"
"3889" "" "3889"
"3890" "" "3890"
"3891" "" "3891"
"3892" "" "3892"
"3893" "" "3893"
"3894" "martin::#-talk" "3894"
"3895" "" "3895"
"3896" "" "3896"
"3897" "" "3897"
"3898" "" "3898"
"3899" "" "3899"
"3900" "" "3900"
"3901" "" "3901"
"3902" "" "3902"
"3903" "" "3903"
"3904" "" "3904"
"3905" "martin::time" "3905"
"3906" "" "3906"
"3907" "" "3907"
"3908" "" "3908"
"3909" "" "3909"
"3910" "" "3910"
"3911" "" "3911"
"3912" "" "3912"
"3913" "" "3913"
"3914" "" "3914"
"3915" "" "3915"
"3916" "" "3916"
"3917" "mark::anger, martin::anger" "3917"
"3918" "" "3918"
"3919" "" "3919"
"3920" "" "3920"
"3921" "" "3921"
"3922" "" "3922"
"3923" "" "3923"
"3924" "" "3924"
"3925" "" "3925"
"3926" "" "3926"
"3927" "" "3927"
"3928" "martin::mere" "3928"
"3929" "" "3929"
"3930" "" "3930"
"3931" "" "3931"
"3932" "" "3932"
"3933" "" "3933"
"3934" "" "3934"
"3935" "" "3935"
"3936" "" "3936"
"3937" "" "3937"
"3938" "martin::point" "3938"
"3939" "mark::little, mark::room" "3939"
"3940" "" "3940"
"3941" "" "3941"
"3942" "" "3942"
"3943" "" "3943"
"3944" "tapley::beef" "3944"
"3945" "" "3945"
"3946" "" "3946"
"3947" "" "3947"
"3948" "mark::near, martin::near" "3948"
"3949" "" "3949"
"3950" "" "3950"
"3951" "" "3951"
"3952" "mark_tapley::can, mr_pinch::can" "3952"
"3953" "mark::little" "3953"
"3954" "martin::first, tapley::first" "3954"
"3955" "" "3955"
"3956" "" "3956"
"3957" "" "3957"
"3958" "" "3958"
"3959" "" "3959"
"3960" "mark::back" "3960"
"3961" "" "3961"
"3962" "tapley::love" "3962"
"3963" "mark::relation, martin::relation" "3963"
"3964" "mark::love" "3964"
"3965" "" "3965"
"3966" "mark::little" "3966"
"3967" "mark::thought, martin::thought" "3967"
"3968" "" "3968"
"3969" "martin::back, martin::thought" "3969"
"3970" "" "3970"
"3971" "" "3971"
"3972" "mark::week" "3972"
"3973" "" "3973"
"3974" "" "3974"
"3975" "" "3975"
"3976" "" "3976"
"3977" "" "3977"
"3978" "" "3978"
"3979" "" "3979"
"3980" "" "3980"
"3981" "mark::thought, martin::thought" "3981"
"3982" "" "3982"
"3983" "" "3983"
"3984" "" "3984"
"3985" "" "3985"
"3986" "" "3986"
"3987" "" "3987"
"3988" "" "3988"
"3989" "" "3989"
"3990" "" "3990"
"3991" "" "3991"
"3992" "mark::end, mark::round" "3992"
"3993" "" "3993"
"3994" "" "3994"
"3995" "" "3995"
"3996" "" "3996"
"3997" "" "3997"
"3998" "" "3998"
"3999" "" "3999"
"4000" "jne::hot" "4000"
"4001" "" "4001"
"4002" "" "4002"
"4003" "" "4003"
"4004" "" "4004"
"4005" "" "4005"
"4006" "" "4006"
"4007" "" "4007"
"4008" "" "4008"
"4009" "" "4009"
"4010" "" "4010"
"4011" "" "4011"
"4012" "" "4012"
"4013" "" "4013"
"4014" "tapley::back, tapley::fog, tapley::time" "4014"
"4015" "martin::hand, mary::hand" "4015"
"4016" "martin::love" "4016"
"4017" "" "4017"
"4018" "" "4018"
"4019" "" "4019"
"4020" "martin::first, martin::fog, martin::near, martin::round, martin::strange, tapley::first, tapley::fog, tapley::near, tapley::round, tapley::strange" "4020"
"4021" "" "4021"
"4022" "" "4022"
"4023" "" "4023"
"4024" "" "4024"
"4025" "martin_martin::position, martin_martin::present" "4025"
"4026" "" "4026"
"4027" "" "4027"
"4028" "martin::wonder" "4028"
"4029" "" "4029"
"4030" "" "4030"
"4031" "" "4031"
"4032" "" "4032"
"4033" "" "4033"
"4034" "martin::thought" "4034"
"4035" "" "4035"
"4036" "" "4036"
"4037" "" "4037"
"4038" "" "4038"
"4039" "" "4039"
"4040" "" "4040"
"4041" "" "4041"
"4042" "" "4042"
"4043" "" "4043"
"4044" "mary::can, mary::little" "4044"
"4045" "" "4045"
"4046" "" "4046"
"4047" "" "4047"
"4048" "" "4048"
"4049" "" "4049"
"4050" "" "4050"
"4051" "" "4051"
"4052" "martin::thought" "4052"
"4053" "" "4053"
"4054" "" "4054"
"4055" "" "4055"
"4056" "" "4056"
"4057" "" "4057"
"4058" "" "4058"
"4059" "pecksniff::living, pecksniff::vein" "4059"
"4060" "" "4060"
"4061" "" "4061"
"4062" "" "4062"
"4063" "" "4063"
"4064" "" "4064"
"4065" "" "4065"
"4066" "" "4066"
"4067" "mark::#-fear, mark::can, mark::land" "4067"
"4068" "" "4068"
"4069" "" "4069"
"4070" "" "4070"
"4071" "" "4071"
"4072" "" "4072"
"4073" "mary::full, mary::strange" "4073"
"4074" "" "4074"
"4075" "martin::love" "4075"
"4076" "" "4076"
"4077" "martin::can, martin::history, martin::little" "4077"
"4078" "" "4078"
"4079" "" "4079"
"4080" "" "4080"
"4081" "" "4081"
"4082" "" "4082"
"4083" "" "4083"
"4084" "" "4084"
"4085" "" "4085"
"4086" "" "4086"
"4087" "" "4087"
"4088" "" "4088"
"4089" "" "4089"
"4090" "" "4090"
"4091" "martin::familiar, tom_pinch::familiar" "4091"
"4092" "" "4092"
"4093" "martin::can, mary::can" "4093"
"4094" "" "4094"
"4095" "martin::time" "4095"
"4096" "pecksniff::letters" "4096"
"4097" "" "4097"
"4098" "" "4098"
"4099" "" "4099"
"4100" "mark::fog" "4100"
"4101" "" "4101"
"4102" "" "4102"
"4103" "" "4103"
"4104" "" "4104"
"4105" "" "4105"
"4106" "" "4106"
"4107" "" "4107"
"4108" "" "4108"
"4109" "" "4109"
"4110" "" "4110"
"4111" "" "4111"
"4112" "" "4112"
"4113" "" "4113"
"4114" "" "4114"
"4115" "" "4115"
"4116" "martin::protect, mary::protect" "4116"
"4117" "martin::love, mary::love" "4117"
"4118" "martin::observe, mary::observe" "4118"
"4119" "martin::test" "4119"
"4120" "" "4120"
"4121" "" "4121"
"4122" "" "4122"
"4123" "" "4123"
"4124" "" "4124"
"4125" "" "4125"
"4126" "" "4126"
"4127" "" "4127"
"4128" "" "4128"
"4129" "" "4129"
"4130" "" "4130"
"4131" "" "4131"
"4132" "martin::#-fear" "4132"
"4133" "" "4133"
"4134" "" "4134"
"4135" "" "4135"
"4136" "" "4136"
"4137" "" "4137"
"4138" "" "4138"
"4139" "" "4139"
"4140" "" "4140"
"4141" "" "4141"
"4142" "" "4142"
"4143" "" "4143"
"4144" "" "4144"
"4145" "martin::back, mary::back" "4145"
"4146" "" "4146"
"4147" "" "4147"
"4148" "" "4148"
"4149" "" "4149"
"4150" "" "4150"
"4151" "" "4151"
"4152" "" "4152"
"4153" "" "4153"
"4154" "" "4154"
"4155" "" "4155"
"4156" "tapley::ready" "4156"
"4157" "" "4157"
"4158" "martin::name" "4158"
"4159" "martin::name" "4159"
"4160" "" "4160"
"4161" "" "4161"
"4162" "" "4162"
"4163" "" "4163"
"4164" "mary::toy" "4164"
"4165" "" "4165"
"4166" "" "4166"
"4167" "" "4167"
"4168" "" "4168"
"4169" "martin::little" "4169"
"4170" "martin::time" "4170"
"4171" "martin::first, martin::time" "4171"
"4172" "" "4172"
"4173" "martin::meeting, martin::strange" "4173"
"4174" "martin::money" "4174"
"4175" "" "4175"
"4176" "" "4176"
"4177" "" "4177"
"4178" "" "4178"
"4179" "" "4179"
"4180" "" "4180"
"4181" "" "4181"
"4182" "" "4182"
"4183" "" "4183"
"4184" "" "4184"
"4185" "" "4185"
"4186" "" "4186"
"4187" "" "4187"
"4188" "mark_tapley::experience" "4188"
"4189" "" "4189"
"4190" "" "4190"
"4191" "" "4191"
"4192" "" "4192"
"4193" "" "4193"
"4194" "martin::back, martin::hand" "4194"
"4195" "" "4195"
"4196" "" "4196"
"4197" "mark::comfortable, mark::safe" "4197"
"4198" "" "4198"
"4199" "martin::finger, martin::little" "4199"
"4200" "" "4200"
"4201" "" "4201"
"4202" "" "4202"
"4203" "mark_tapley::end" "4203"
"4204" "" "4204"
"4205" "mark::little, mark::relation, mark::strange, martin::little, martin::relation, martin::strange" "4205"
"4206" "" "4206"
"4207" "" "4207"
"4208" "" "4208"
"4209" "" "4209"
"4210" "" "4210"
"4211" "" "4211"
"4212" "" "4212"
"4213" "" "4213"
"4214" "martin::twist" "4214"
"4215" "" "4215"
"4216" "" "4216"
"4217" "" "4217"
"4218" "" "4218"
"4219" "" "4219"
"4220" "" "4220"
"4221" "" "4221"
"4222" "" "4222"
"4223" "" "4223"
"4224" "" "4224"
"4225" "" "4225"
"4226" "" "4226"
"4227" "" "4227"
"4228" "" "4228"
"4229" "" "4229"
"4230" "" "4230"
"4231" "tapley::first" "4231"
"4232" "" "4232"
"4233" "" "4233"
"4234" "" "4234"
"4235" "" "4235"
"4236" "" "4236"
"4237" "" "4237"
"4238" "" "4238"
"4239" "" "4239"
"4240" "" "4240"
"4241" "" "4241"
"4242" "" "4242"
"4243" "" "4243"
"4244" "" "4244"
"4245" "" "4245"
"4246" "" "4246"
"4247" "" "4247"
"4248" "" "4248"
"4249" "mark::hand, mark::round" "4249"
"4250" "" "4250"
"4251" "" "4251"
"4252" "" "4252"
"4253" "" "4253"
"4254" "" "4254"
"4255" "" "4255"
"4256" "" "4256"
"4257" "" "4257"
"4258" "" "4258"
"4259" "" "4259"
"4260" "mark::little" "4260"
"4261" "" "4261"
"4262" "" "4262"
"4263" "mark::#-belong, mark::#-distance, mark::time, martin::#-belong, martin::#-distance, martin::time" "4263"
"4264" "" "4264"
"4265" "" "4265"
"4266" "" "4266"
"4267" "" "4267"
"4268" "" "4268"
"4269" "" "4269"
"4270" "" "4270"
"4271" "" "4271"
"4272" "" "4272"
"4273" "" "4273"
"4274" "" "4274"
"4275" "tapley::time, tapley::yellow" "4275"
"4276" "tapley::join" "4276"
"4277" "" "4277"
"4278" "" "4278"
"4279" "tapley::hope" "4279"
"4280" "tapley::hand" "4280"
"4281" "martin::name" "4281"
"4282" "" "4282"
"4283" "" "4283"
"4284" "" "4284"
"4285" "" "4285"
"4286" "" "4286"
"4287" "" "4287"
"4288" "" "4288"
"4289" "" "4289"
"4290" "martin::reply" "4290"
"4291" "martin::hot, martin::two, tapley::hot, tapley::two" "4291"
"4292" "mark_tapley::legs" "4292"
"4293" "mark_tapley::back" "4293"
"4294" "mark_tapley::admit" "4294"
"4295" "" "4295"
"4296" "" "4296"
"4297" "" "4297"
"4298" "mark_tapley::exciting" "4298"
"4299" "tapley::can" "4299"
"4300" "" "4300"
"4301" "mark::determined, mark::near, martin::determined, martin::near" "4301"
"4302" "mark::week" "4302"
"4303" "" "4303"
"4304" "" "4304"
"4305" "" "4305"
"4306" "" "4306"
"4307" "" "4307"
"4308" "mark::experience, mark::fresh, mark::thought, mark::trouble" "4308"
"4309" "" "4309"
"4310" "mark::temper, mark::thought, mark::wrong, martin::temper, martin::thought, martin::wrong" "4310"
"4311" "" "4311"
"4312" "martin::lie, tapley::lie" "4312"
"4313" "" "4313"
"4314" "" "4314"
"4315" "" "4315"
"4316" "" "4316"
"4317" "" "4317"
"4318" "mark::comfortable" "4318"
"4319" "" "4319"
"4320" "" "4320"
"4321" "mark::wonder" "4321"
"4322" "" "4322"
"4323" "" "4323"
"4324" "martin::little" "4324"
"4325" "tapley::obey" "4325"
"4326" "tapley::reflect" "4326"
"4327" "" "4327"
"4328" "" "4328"
"4329" "" "4329"
"4330" "" "4330"
"4331" "" "4331"
"4332" "" "4332"
"4333" "" "4333"
"4334" "" "4334"
"4335" "" "4335"
"4336" "mark::separate, mark::time, martin::separate, martin::time" "4336"
"4337" "" "4337"
"4338" "tapley::ahead" "4338"
"4339" "" "4339"
"4340" "" "4340"
"4341" "" "4341"
"4342" "" "4342"
"4343" "" "4343"
"4344" "" "4344"
"4345" "" "4345"
"4346" "" "4346"
"4347" "" "4347"
"4348" "" "4348"
"4349" "" "4349"
"4350" "" "4350"
"4351" "" "4351"
"4352" "" "4352"
"4353" "bowie::full" "4353"
"4354" "" "4354"
"4355" "" "4355"
"4356" "" "4356"
"4357" "" "4357"
"4358" "" "4358"
"4359" "" "4359"
"4360" "" "4360"
"4361" "" "4361"
"4362" "" "4362"
"4363" "" "4363"
"4364" "" "4364"
"4365" "" "4365"
"4366" "" "4366"
"4367" "" "4367"
"4368" "" "4368"
"4369" "" "4369"
"4370" "" "4370"
"4371" "" "4371"
"4372" "" "4372"
"4373" "" "4373"
"4374" "martin::dirty" "4374"
"4375" "" "4375"
"4376" "" "4376"
"4377" "" "4377"
"4378" "" "4378"
"4379" "" "4379"
"4380" "" "4380"
"4381" "" "4381"
"4382" "" "4382"
"4383" "" "4383"
"4384" "martin::chin, martin::round" "4384"
"4385" "" "4385"
"4386" "" "4386"
"4387" "" "4387"
"4388" "" "4388"
"4389" "martin::present" "4389"
"4390" "" "4390"
"4391" "martin::name" "4391"
"4392" "" "4392"
"4393" "" "4393"
"4394" "" "4394"
"4395" "" "4395"
"4396" "" "4396"
"4397" "" "4397"
"4398" "" "4398"
"4399" "" "4399"
"4400" "" "4400"
"4401" "" "4401"
"4402" "" "4402"
"4403" "" "4403"
"4404" "" "4404"
"4405" "" "4405"
"4406" "" "4406"
"4407" "martin::deeply" "4407"
"4408" "" "4408"
"4409" "" "4409"
"4410" "" "4410"
"4411" "" "4411"
"4412" "" "4412"
"4413" "" "4413"
"4414" "" "4414"
"4415" "" "4415"
"4416" "" "4416"
"4417" "" "4417"
"4418" "" "4418"
"4419" "" "4419"
"4420" "" "4420"
"4421" "" "4421"
"4422" "" "4422"
"4423" "" "4423"
"4424" "" "4424"
"4425" "" "4425"
"4426" "" "4426"
"4427" "" "4427"
"4428" "" "4428"
"4429" "martin::large, martin::mother" "4429"
"4430" "" "4430"
"4431" "" "4431"
"4432" "" "4432"
"4433" "mark::deeply, martin::deeply" "4433"
"4434" "" "4434"
"4435" "" "4435"
"4436" "" "4436"
"4437" "" "4437"
"4438" "martin::juvenile, martin::thought, martin::use" "4438"
"4439" "" "4439"
"4440" "" "4440"
"4441" "martin::lip" "4441"
"4442" "martin::work" "4442"
"4443" "martin::time" "4443"
"4444" "" "4444"
"4445" "" "4445"
"4446" "" "4446"
"4447" "" "4447"
"4448" "" "4448"
"4449" "" "4449"
"4450" "" "4450"
"4451" "" "4451"
"4452" "" "4452"
"4453" "martin::legs" "4453"
"4454" "" "4454"
"4455" "mr_brick::little" "4455"
"4456" "" "4456"
"4457" "" "4457"
"4458" "" "4458"
"4459" "martin::reply" "4459"
"4460" "martin::time" "4460"
"4461" "" "4461"
"4462" "" "4462"
"4463" "" "4463"
"4464" "" "4464"
"4465" "martin::observe" "4465"
"4466" "" "4466"
"4467" "" "4467"
"4468" "" "4468"
"4469" "" "4469"
"4470" "" "4470"
"4471" "" "4471"
"4472" "" "4472"
"4473" "" "4473"
"4474" "" "4474"
"4475" "" "4475"
"4476" "brick::position" "4476"
"4477" "" "4477"
"4478" "martin::thought" "4478"
"4479" "" "4479"
"4480" "" "4480"
"4481" "" "4481"
"4482" "" "4482"
"4483" "" "4483"
"4484" "" "4484"
"4485" "" "4485"
"4486" "martin::observe" "4486"
"4487" "" "4487"
"4488" "" "4488"
"4489" "" "4489"
"4490" "" "4490"
"4491" "" "4491"
"4492" "" "4492"
"4493" "" "4493"
"4494" "" "4494"
"4495" "" "4495"
"4496" "" "4496"
"4497" "" "4497"
"4498" "" "4498"
"4499" "martin::thought" "4499"
"4500" "" "4500"
"4501" "" "4501"
"4502" "" "4502"
"4503" "" "4503"
"4504" "" "4504"
"4505" "" "4505"
"4506" "jefferson_brick::lock" "4506"
"4507" "" "4507"
"4508" "martin::doubtful, martin::land" "4508"
"4509" "" "4509"
"4510" "" "4510"
"4511" "" "4511"
"4512" "jefferson_brick::street" "4512"
"4513" "" "4513"
"4514" "" "4514"
"4515" "" "4515"
"4516" "" "4516"
"4517" "" "4517"
"4518" "" "4518"
"4519" "" "4519"
"4520" "" "4520"
"4521" "" "4521"
"4522" "" "4522"
"4523" "" "4523"
"4524" "jefferson_brick::hope" "4524"
"4525" "" "4525"
"4526" "" "4526"
"4527" "" "4527"
"4528" "" "4528"
"4529" "" "4529"
"4530" "" "4530"
"4531" "" "4531"
"4532" "" "4532"
"4533" "" "4533"
"4534" "" "4534"
"4535" "" "4535"
"4536" "" "4536"
"4537" "" "4537"
"4538" "" "4538"
"4539" "" "4539"
"4540" "" "4540"
"4541" "" "4541"
"4542" "" "4542"
"4543" "jefferson_brick::little" "4543"
"4544" "pawkins::large, pawkins::yellow" "4544"
"4545" "" "4545"
"4546" "pawkins::window" "4546"
"4547" "" "4547"
"4548" "jefferson_brick::large, jefferson_brick::perpetual, martin::large, martin::perpetual" "4548"
"4549" "jefferson_brick::public, martin::public" "4549"
"4550" "" "4550"
"4551" "" "4551"
"4552" "" "4552"
"4553" "" "4553"
"4554" "" "4554"
"4555" "" "4555"
"4556" "" "4556"
"4557" "" "4557"
"4558" "mrs_pawkins::time, pawkins::time" "4558"
"4559" "" "4559"
"4560" "" "4560"
"4561" "" "4561"
"4562" "" "4562"
"4563" "" "4563"
"4564" "" "4564"
"4565" "" "4565"
"4566" "" "4566"
"4567" "" "4567"
"4568" "" "4568"
"4569" "pawkins::room" "4569"
"4570" "martin::dinner, martin::ready, martin::two" "4570"
"4571" "martin::#-time, martin::bitter, martin::thought" "4571"
"4572" "martin::hot" "4572"
"4573" "martin::public" "4573"
"4574" "" "4574"
"4575" "martin::bitter, martin::little" "4575"
"4576" "" "4576"
"4577" "jefferson_brick::direction, martin::direction" "4577"
"4578" "martin::thought" "4578"
"4579" "" "4579"
"4580" "" "4580"
"4581" "" "4581"
"4582" "martin::legs, martin::round, martin::street" "4582"
"4583" "" "4583"
"4584" "martin::two" "4584"
"4585" "" "4585"
"4586" "" "4586"
"4587" "" "4587"
"4588" "" "4588"
"4589" "" "4589"
"4590" "" "4590"
"4591" "martin::laugh, martin::natural, martin::teeth" "4591"
"4592" "martin::back" "4592"
"4593" "martin::back, martin::time" "4593"
"4594" "" "4594"
"4595" "" "4595"
"4596" "" "4596"
"4597" "" "4597"
"4598" "" "4598"
"4599" "" "4599"
"4600" "" "4600"
"4601" "" "4601"
"4602" "" "4602"
"4603" "" "4603"
"4604" "" "4604"
"4605" "" "4605"
"4606" "" "4606"
"4607" "martin::dinner, martin::plate, martin::thought, martin::waiting" "4607"
"4608" "martin::little, martin::round" "4608"
"4609" "" "4609"
"4610" "" "4610"
"4611" "martin::little" "4611"
"4612" "" "4612"
"4613" "" "4613"
"4614" "" "4614"
"4615" "" "4615"
"4616" "" "4616"
"4617" "" "4617"
"4618" "" "4618"
"4619" "" "4619"
"4620" "jefferson_brick::hand, martin::hand" "4620"
"4621" "jefferson::red, jefferson::thought, martin::red, martin::thought, mr_brick::red, mr_brick::thought" "4621"
"4622" "" "4622"
"4623" "" "4623"
"4624" "" "4624"
"4625" "" "4625"
"4626" "martin::observe" "4626"
"4627" "" "4627"
"4628" "martin::wrong" "4628"
"4629" "" "4629"
"4630" "martin::thought" "4630"
"4631" "" "4631"
"4632" "" "4632"
"4633" "" "4633"
"4634" "" "4634"
"4635" "" "4635"
"4636" "" "4636"
"4637" "" "4637"
"4638" "" "4638"
"4639" "" "4639"
"4640" "" "4640"
"4641" "" "4641"
"4642" "" "4642"
"4643" "" "4643"
"4644" "" "4644"
"4645" "" "4645"
"4646" "" "4646"
"4647" "" "4647"
"4648" "" "4648"
"4649" "" "4649"
"4650" "" "4650"
"4651" "" "4651"
"4652" "" "4652"
"4653" "" "4653"
"4654" "" "4654"
"4655" "" "4655"
"4656" "" "4656"
"4657" "" "4657"
"4658" "" "4658"
"4659" "" "4659"
"4660" "martin::dogs, martin::talk, martin::toys" "4660"
"4661" "" "4661"
"4662" "" "4662"
"4663" "jefferson_brick::condition, jefferson_brick::time" "4663"
"4664" "" "4664"
"4665" "" "4665"
"4666" "" "4666"
"4667" "" "4667"
"4668" "" "4668"
"4669" "martin::busy" "4669"
"4670" "martin::mere" "4670"
"4671" "martin::deserted, martin::thought" "4671"
"4672" "" "4672"
"4673" "" "4673"
"4674" "martin::reply" "4674"
"4675" "" "4675"
"4676" "" "4676"
"4677" "" "4677"
"4678" "" "4678"
"4679" "" "4679"
"4680" "martin::#-offend" "4680"
"4681" "" "4681"
"4682" "" "4682"
"4683" "" "4683"
"4684" "" "4684"
"4685" "" "4685"
"4686" "franklin::public, martin::public" "4686"
"4687" "" "4687"
"4688" "martin::can, martin::time" "4688"
"4689" "martin::#-little" "4689"
"4690" "" "4690"
"4691" "" "4691"
"4692" "" "4692"
"4693" "" "4693"
"4694" "" "4694"
"4695" "" "4695"
"4696" "" "4696"
"4697" "" "4697"
"4698" "" "4698"
"4699" "" "4699"
"4700" "" "4700"
"4701" "" "4701"
"4702" "" "4702"
"4703" "mark_tapley::#-person, mark_tapley::name, martin::#-person, martin::name, mr_william_simmons::#-person, mr_william_simmons::name" "4703"
"4704" "" "4704"
"4705" "martin::order" "4705"
"4706" "" "4706"
"4707" "" "4707"
"4708" "" "4708"
"4709" "" "4709"
"4710" "" "4710"
"4711" "" "4711"
"4712" "" "4712"
"4713" "" "4713"
"4714" "" "4714"
"4715" "" "4715"
"4716" "" "4716"
"4717" "" "4717"
"4718" "" "4718"
"4719" "" "4719"
"4720" "" "4720"
"4721" "" "4721"
"4722" "" "4722"
"4723" "" "4723"
"4724" "" "4724"
"4725" "" "4725"
"4726" "" "4726"
"4727" "" "4727"
"4728" "" "4728"
"4729" "" "4729"
"4730" "" "4730"
"4731" "" "4731"
"4732" "" "4732"
"4733" "" "4733"
"4734" "martin::money" "4734"
"4735" "" "4735"
"4736" "" "4736"
"4737" "tapley::first" "4737"
"4738" "mark::black, mark::found, mark::hand, mark::time" "4738"
"4739" "" "4739"
"4740" "" "4740"
"4741" "" "4741"
"4742" "" "4742"
"4743" "" "4743"
"4744" "" "4744"
"4745" "" "4745"
"4746" "" "4746"
"4747" "mark::found" "4747"
"4748" "" "4748"
"4749" "" "4749"
"4750" "mark::thought" "4750"
"4751" "" "4751"
"4752" "" "4752"
"4753" "" "4753"
"4754" "" "4754"
"4755" "" "4755"
"4756" "" "4756"
"4757" "" "4757"
"4758" "martin::#-end" "4758"
"4759" "" "4759"
"4760" "" "4760"
"4761" "" "4761"
"4762" "" "4762"
"4763" "" "4763"
"4764" "" "4764"
"4765" "" "4765"
"4766" "" "4766"
"4767" "" "4767"
"4768" "" "4768"
"4769" "" "4769"
"4770" "" "4770"
"4771" "" "4771"
"4772" "" "4772"
"4773" "" "4773"
"4774" "" "4774"
"4775" "" "4775"
"4776" "" "4776"
"4777" "" "4777"
"4778" "" "4778"
"4779" "mark::story" "4779"
"4780" "mark::account, mark::little, mark::money, mark::open" "4780"
"4781" "" "4781"
"4782" "" "4782"
"4783" "tapley::daughter" "4783"
"4784" "" "4784"
"4785" "" "4785"
"4786" "martin::hand" "4786"
"4787" "mark::charge" "4787"
"4788" "" "4788"
"4789" "mark::love" "4789"
"4790" "" "4790"
"4791" "" "4791"
"4792" "" "4792"
"4793" "" "4793"
"4794" "" "4794"
"4795" "" "4795"
"4796" "" "4796"
"4797" "mark::name, martin::name" "4797"
"4798" "" "4798"
"4799" "" "4799"
"4800" "" "4800"
"4801" "" "4801"
"4802" "" "4802"
"4803" "" "4803"
"4804" "" "4804"
"4805" "martin::trouble" "4805"
"4806" "" "4806"
"4807" "" "4807"
"4808" "" "4808"
"4809" "bevan::public, bevan::two" "4809"
"4810" "" "4810"
"4811" "" "4811"
"4812" "" "4812"
"4813" "bevan::street" "4813"
"4814" "" "4814"
"4815" "" "4815"
"4816" "" "4816"
"4817" "" "4817"
"4818" "martin::first" "4818"
"4819" "" "4819"
"4820" "martin::shoes, martin::two" "4820"
"4821" "" "4821"
"4822" "" "4822"
"4823" "martin::time" "4823"
"4824" "" "4824"
"4825" "" "4825"
"4826" "" "4826"
"4827" "martin::found" "4827"
"4828" "" "4828"
"4829" "martin::mother" "4829"
"4830" "" "4830"
"4831" "" "4831"
"4832" "bevan::person, bevan::reply, norris::person, norris::reply" "4832"
"4833" "bevan::mother, norris::mother" "4833"
"4834" "martin::little" "4834"
"4835" "" "4835"
"4836" "" "4836"
"4837" "martin::amused, martin::time" "4837"
"4838" "martin::absurd" "4838"
"4839" "mrs_norris::mother, norris_junior::mother, norris::mother" "4839"
"4840" "martin::natural, norris::natural" "4840"
"4841" "hamlet::black, norris::black, yorick::black" "4841"
"4842" "martin::dress, martin::little, martin::order, martin::scale, martin::shoes, martin::talk" "4842"
"4843" "" "4843"
"4844" "" "4844"
"4845" "martin::request" "4845"
"4846" "" "4846"
"4847" "" "4847"
"4848" "" "4848"
"4849" "" "4849"
"4850" "" "4850"
"4851" "" "4851"
"4852" "" "4852"
"4853" "" "4853"
"4854" "" "4854"
"4855" "" "4855"
"4856" "" "4856"
"4857" "" "4857"
"4858" "" "4858"
"4859" "" "4859"
"4860" "" "4860"
"4861" "" "4861"
"4862" "" "4862"
"4863" "" "4863"
"4864" "" "4864"
"4865" "" "4865"
"4866" "" "4866"
"4867" "" "4867"
"4868" "" "4868"
"4869" "" "4869"
"4870" "" "4870"
"4871" "" "4871"
"4872" "" "4872"
"4873" "" "4873"
"4874" "" "4874"
"4875" "" "4875"
"4876" "" "4876"
"4877" "" "4877"
"4878" "" "4878"
"4879" "" "4879"
"4880" "" "4880"
"4881" "martin::end" "4881"
"4882" "" "4882"
"4883" "" "4883"
"4884" "" "4884"
"4885" "" "4885"
"4886" "" "4886"
"4887" "" "4887"
"4888" "fladdock::full" "4888"
"4889" "" "4889"
"4890" "" "4890"
"4891" "" "4891"
"4892" "" "4892"
"4893" "" "4893"
"4894" "" "4894"
"4895" "" "4895"
"4896" "" "4896"
"4897" "" "4897"
"4898" "" "4898"
"4899" "" "4899"
"4900" "" "4900"
"4901" "" "4901"
"4902" "" "4902"
"4903" "mark::sense, mark::street" "4903"
"4904" "" "4904"
"4905" "" "4905"
"4906" "martin::hope" "4906"
"4907" "" "4907"
"4908" "" "4908"
"4909" "" "4909"
"4910" "" "4910"
"4911" "" "4911"
"4912" "martin::#-detect" "4912"
"4913" "" "4913"
"4914" "" "4914"
"4915" "martin::first" "4915"
"4916" "" "4916"
"4917" "" "4917"
"4918" "" "4918"
"4919" "martin::order" "4919"
"4920" "martin::back" "4920"
"4921" "" "4921"
"4922" "" "4922"
"4923" "" "4923"
"4924" "" "4924"
"4925" "" "4925"
"4926" "martin::meeting, mrs_brick::meeting" "4926"
"4927" "" "4927"
"4928" "" "4928"
"4929" "" "4929"
"4930" "" "4930"
"4931" "" "4931"
"4932" "" "4932"
"4933" "" "4933"
"4934" "" "4934"
"4935" "" "4935"
"4936" "bevan::tranquil" "4936"
"4937" "" "4937"
"4938" "" "4938"
"4939" "" "4939"
"4940" "" "4940"
"4941" "" "4941"
"4942" "" "4942"
"4943" "" "4943"
"4944" "" "4944"
"4945" "" "4945"
"4946" "" "4946"
"4947" "" "4947"
"4948" "" "4948"
"4949" "" "4949"
"4950" "" "4950"
"4951" "bevan::dress, bevan::work" "4951"
"4952" "bevan::can" "4952"
"4953" "" "4953"
"4954" "" "4954"
"4955" "" "4955"
"4956" "" "4956"
"4957" "" "4957"
"4958" "" "4958"
"4959" "" "4959"
"4960" "" "4960"
"4961" "" "4961"
"4962" "" "4962"
"4963" "martin::strange" "4963"
"4964" "" "4964"
"4965" "" "4965"
"4966" "" "4966"
"4967" "mark_tapley::near" "4967"
"4968" "" "4968"
"4969" "" "4969"
"4970" "" "4970"
"4971" "" "4971"
"4972" "" "4972"
"4973" "" "4973"
"4974" "" "4974"
"4975" "" "4975"
"4976" "" "4976"
"4977" "" "4977"
"4978" "" "4978"
"4979" "" "4979"
"4980" "tapley::little, tapley::room, tapley::shoes, tapley::two, tapley::wall, tapley::window" "4980"
"4981" "" "4981"
"4982" "" "4982"
"4983" "" "4983"
"4984" "" "4984"
"4985" "" "4985"
"4986" "" "4986"
"4987" "" "4987"
"4988" "" "4988"
"4989" "mark::invention" "4989"
"4990" "" "4990"
"4991" "" "4991"
"4992" "" "4992"
"4993" "" "4993"
"4994" "mark::back, martin::back, pecksniff::back, tapley::back, tom_pinch::back" "4994"
"4995" "" "4995"
"4996" "" "4996"
"4997" "" "4997"
"4998" "" "4998"
"4999" "" "4999"
"5000" "" "5000"
"5001" "" "5001"
"5002" "" "5002"
"5003" "" "5003"
"5004" "" "5004"
"5005" "" "5005"
"5006" "martin::deserted, martin::natural" "5006"
"5007" "" "5007"
"5008" "" "5008"
"5009" "" "5009"
"5010" "" "5010"
"5011" "" "5011"
"5012" "" "5012"
"5013" "jonas::hand, jonas::use" "5013"
"5014" "jonas::#-time" "5014"
"5015" "" "5015"
"5016" "" "5016"
"5017" "" "5017"
"5018" "" "5018"
"5019" "" "5019"
"5020" "" "5020"
"5021" "" "5021"
"5022" "" "5022"
"5023" "" "5023"
"5024" "" "5024"
"5025" "" "5025"
"5026" "" "5026"
"5027" "" "5027"
"5028" "" "5028"
"5029" "" "5029"
"5030" "" "5030"
"5031" "" "5031"
"5032" "" "5032"
"5033" "jonas::point, jonas::position" "5033"
"5034" "" "5034"
"5035" "" "5035"
"5036" "" "5036"
"5037" "" "5037"
"5038" "" "5038"
"5039" "" "5039"
"5040" "" "5040"
"5041" "" "5041"
"5042" "" "5042"
"5043" "" "5043"
"5044" "" "5044"
"5045" "chuffey::strange" "5045"
"5046" "" "5046"
"5047" "" "5047"
"5048" "" "5048"
"5049" "" "5049"
"5050" "" "5050"
"5051" "" "5051"
"5052" "" "5052"
"5053" "" "5053"
"5054" "" "5054"
"5055" "" "5055"
"5056" "" "5056"
"5057" "" "5057"
"5058" "" "5058"
"5059" "" "5059"
"5060" "anthony::boy" "5060"
"5061" "" "5061"
"5062" "" "5062"
"5063" "" "5063"
"5064" "anthony::little, chuff::little" "5064"
"5065" "" "5065"
"5066" "" "5066"
"5067" "" "5067"
"5068" "" "5068"
"5069" "" "5069"
"5070" "" "5070"
"5071" "" "5071"
"5072" "" "5072"
"5073" "anthony::hand, jonas::hand" "5073"
"5074" "anthony::hand" "5074"
"5075" "anthony::thought, anthony::two, chuffey::thought, chuffey::two, jonas::thought, jonas::two" "5075"
"5076" "anthony::time, chuffey::time, jonas::time" "5076"
"5077" "" "5077"
"5078" "" "5078"
"5079" "" "5079"
"5080" "jonas::secret, jonas::two" "5080"
"5081" "jonas::open" "5081"
"5082" "" "5082"
"5083" "jonas::boy, jonas::rest" "5083"
"5084" "" "5084"
"5085" "" "5085"
"5086" "" "5086"
"5087" "" "5087"
"5088" "" "5088"
"5089" "" "5089"
"5090" "" "5090"
"5091" "jonas::lock" "5091"
"5092" "" "5092"
"5093" "jonas::back" "5093"
"5094" "" "5094"
"5095" "" "5095"
"5096" "" "5096"
"5097" "" "5097"
"5098" "" "5098"
"5099" "" "5099"
"5100" "" "5100"
"5101" "" "5101"
"5102" "" "5102"
"5103" "" "5103"
"5104" "" "5104"
"5105" "" "5105"
"5106" "pecksniff::hand" "5106"
"5107" "" "5107"
"5108" "" "5108"
"5109" "" "5109"
"5110" "pecksniff::thought" "5110"
"5111" "" "5111"
"5112" "jonas::little, pecksniff::little" "5112"
"5113" "" "5113"
"5114" "" "5114"
"5115" "" "5115"
"5116" "" "5116"
"5117" "" "5117"
"5118" "" "5118"
"5119" "" "5119"
"5120" "jonas::street, pecksniff::street" "5120"
"5121" "anthony::can, pecksniff::can" "5121"
"5122" "" "5122"
"5123" "" "5123"
"5124" "" "5124"
"5125" "" "5125"
"5126" "" "5126"
"5127" "" "5127"
"5128" "" "5128"
"5129" "pecksniff::back" "5129"
"5130" "" "5130"
"5131" "jonas::glib" "5131"
"5132" "anthony::reply, anthony::request" "5132"
"5133" "jonas::time, pecksniff::time" "5133"
"5134" "jonas::hand, jonas::observe, jonas::strange, pecksniff::hand, pecksniff::observe, pecksniff::strange" "5134"
"5135" "" "5135"
"5136" "" "5136"
"5137" "jonas::daughter, pecksniff::daughter" "5137"
"5138" "" "5138"
"5139" "" "5139"
"5140" "" "5140"
"5141" "anthony::thought, pecksniff::thought" "5141"
"5142" "" "5142"
"5143" "" "5143"
"5144" "mr_chuzzlewit::yard" "5144"
"5145" "" "5145"
"5146" "" "5146"
"5147" "jonas::daughter" "5147"
"5148" "" "5148"
"5149" "" "5149"
"5150" "jonas::waste" "5150"
"5151" "" "5151"
"5152" "" "5152"
"5153" "" "5153"
"5154" "" "5154"
"5155" "" "5155"
"5156" "" "5156"
"5157" "" "5157"
"5158" "pecksniff::found" "5158"
"5159" "chuffey::little" "5159"
"5160" "" "5160"
"5161" "" "5161"
"5162" "" "5162"
"5163" "" "5163"
"5164" "" "5164"
"5165" "" "5165"
"5166" "" "5166"
"5167" "" "5167"
"5168" "" "5168"
"5169" "" "5169"
"5170" "" "5170"
"5171" "" "5171"
"5172" "" "5172"
"5173" "" "5173"
"5174" "anthony::order, anthony::work, pecksniff::order, pecksniff::work" "5174"
"5175" "" "5175"
"5176" "" "5176"
"5177" "" "5177"
"5178" "" "5178"
"5179" "" "5179"
"5180" "" "5180"
"5181" "" "5181"
"5182" "" "5182"
"5183" "" "5183"
"5184" "" "5184"
"5185" "jonas::#-move, pecksniff::#-move" "5185"
"5186" "" "5186"
"5187" "" "5187"
"5188" "" "5188"
"5189" "" "5189"
"5190" "" "5190"
"5191" "" "5191"
"5192" "" "5192"
"5193" "jonas::bee, jonas::wine" "5193"
"5194" "jonas::little" "5194"
"5195" "" "5195"
"5196" "" "5196"
"5197" "" "5197"
"5198" "" "5198"
"5199" "jonas::reply" "5199"
"5200" "" "5200"
"5201" "" "5201"
"5202" "" "5202"
"5203" "anthony_chuzzlewit::vein" "5203"
"5204" "anthony_chuzzlewit::frame" "5204"
"5205" "anthony_chuzzlewit::lie" "5205"
"5206" "" "5206"
"5207" "" "5207"
"5208" "jonas::present, pecksniff::present" "5208"
"5209" "" "5209"
"5210" "" "5210"
"5211" "" "5211"
"5212" "" "5212"
"5213" "" "5213"
"5214" "" "5214"
"5215" "" "5215"
"5216" "" "5216"
"5217" "" "5217"
"5218" "jonas::charge" "5218"
"5219" "" "5219"
"5220" "" "5220"
"5221" "" "5221"
"5222" "" "5222"
"5223" "" "5223"
"5224" "" "5224"
"5225" "" "5225"
"5226" "jonas::move, pecksniff::move" "5226"
"5227" "jonas::broad, pecksniff::broad" "5227"
"5228" "jonas::street, pecksniff::street" "5228"
"5229" "" "5229"
"5230" "" "5230"
"5231" "" "5231"
"5232" "" "5232"
"5233" "" "5233"
"5234" "jonas::secret, pecksniff::secret" "5234"
"5235" "" "5235"
"5236" "anthony::finger" "5236"
"5237" "" "5237"
"5238" "" "5238"
"5239" "" "5239"
"5240" "" "5240"
"5241" "" "5241"
"5242" "" "5242"
"5243" "" "5243"
"5244" "" "5244"
"5245" "" "5245"
"5246" "" "5246"
"5247" "" "5247"
"5248" "" "5248"
"5249" "" "5249"
"5250" "jonas::stretch" "5250"
"5251" "jonas::money" "5251"
"5252" "" "5252"
"5253" "gamp::hand, gamp::name, high_holborn::hand, high_holborn::name, pecksniff::hand, pecksniff::name" "5253"
"5254" "" "5254"
"5255" "" "5255"
"5256" "mrs_gamp::little, mrs_gamp::street" "5256"
"5257" "adam::name, adam::two, mrs_gamp::name, mrs_gamp::two" "5257"
"5258" "" "5258"
"5259" "" "5259"
"5260" "" "5260"
"5261" "mrs_gamp::bird, mrs_gamp::little, mrs_gamp::name, mrs_gamp::red, mrs_gamp::roof, pecksniff::bird, pecksniff::little, pecksniff::name, pecksniff::red, pecksniff::roof" "5261"
"5262" "" "5262"
"5263" "" "5263"
"5264" "pecksniff::distinct, pecksniff::end" "5264"
"5265" "mrs_gamp::female, mrs_gamp::first, mrs_gamp::married, mrs_gamp::round, mrs_gamp::street, mrs_gamp::trouble, mrs_gamp::window, pecksniff::female, pecksniff::first, pecksniff::married, pecksniff::round, pecksniff::street, pecksniff::trouble, pecksniff::window" "5265"
"5266" "" "5266"
"5267" "" "5267"
"5268" "mrs_gamp::time" "5268"
"5269" "mrs_gamp::end, pecksniff::end" "5269"
"5270" "" "5270"
"5271" "" "5271"
"5272" "" "5272"
"5273" "mr_whilks::ready" "5273"
"5274" "" "5274"
"5275" "" "5275"
"5276" "" "5276"
"5277" "mould::person" "5277"
"5278" "" "5278"
"5279" "pecksniff::round" "5279"
"5280" "" "5280"
"5281" "mrs_gamp::little" "5281"
"5282" "" "5282"
"5283" "mrs_gamp::first, mrs_gamp::little, mrs_gamp::window" "5283"
"5284" "" "5284"
"5285" "" "5285"
"5286" "" "5286"
"5287" "" "5287"
"5288" "" "5288"
"5289" "" "5289"
"5290" "" "5290"
"5291" "mrs_gamp::fat" "5291"
"5292" "" "5292"
"5293" "mrs_gamp::black" "5293"
"5294" "" "5294"
"5295" "mrs_gamp::red" "5295"
"5296" "mrs_gamp::natural" "5296"
"5297" "mrs_gamp::safe" "5297"
"5298" "" "5298"
"5299" "gamp::leg, gamp::thought" "5299"
"5300" "" "5300"
"5301" "" "5301"
"5302" "mrs_gamp::temper" "5302"
"5303" "" "5303"
"5304" "" "5304"
"5305" "" "5305"
"5306" "" "5306"
"5307" "" "5307"
"5308" "" "5308"
"5309" "" "5309"
"5310" "" "5310"
"5311" "" "5311"
"5312" "" "5312"
"5313" "" "5313"
"5314" "" "5314"
"5315" "" "5315"
"5316" "" "5316"
"5317" "" "5317"
"5318" "mrs_gamp::comfortable" "5318"
"5319" "" "5319"
"5320" "mrs_gamp::hope" "5320"
"5321" "" "5321"
"5322" "" "5322"
"5323" "" "5323"
"5324" "" "5324"
"5325" "" "5325"
"5326" "" "5326"
"5327" "" "5327"
"5328" "" "5328"
"5329" "mould::time" "5329"
"5330" "" "5330"
"5331" "" "5331"
"5332" "" "5332"
"5333" "" "5333"
"5334" "" "5334"
"5335" "" "5335"
"5336" "" "5336"
"5337" "mould::bitter" "5337"
"5338" "mould::hang, mould::ready" "5338"
"5339" "mould::vein" "5339"
"5340" "" "5340"
"5341" "" "5341"
"5342" "pecksniff::crown" "5342"
"5343" "" "5343"
"5344" "anthony_chuzzlewit::found, jonas::found, mrs_gamp::found, pecksniff::found" "5344"
"5345" "jonas::room, jonas::yellow" "5345"
"5346" "" "5346"
"5347" "" "5347"
"5348" "" "5348"
"5349" "" "5349"
"5350" "" "5350"
"5351" "pecksniff::little" "5351"
"5352" "jonas::account" "5352"
"5353" "" "5353"
"5354" "" "5354"
"5355" "chuffey::round, pecksniff::round" "5355"
"5356" "mrs_gamp::room, pecksniff::room" "5356"
"5357" "" "5357"
"5358" "" "5358"
"5359" "" "5359"
"5360" "mrs_gamp::can, mrs_gamp::trouble" "5360"
"5361" "" "5361"
"5362" "mrs_gamp::point" "5362"
"5363" "" "5363"
"5364" "" "5364"
"5365" "" "5365"
"5366" "" "5366"
"5367" "" "5367"
"5368" "" "5368"
"5369" "mrs_gamp::hand, pecksniff::hand" "5369"
"5370" "" "5370"
"5371" "" "5371"
"5372" "" "5372"
"5373" "pecksniff::sign" "5373"
"5374" "" "5374"
"5375" "" "5375"
"5376" "" "5376"
"5377" "" "5377"
"5378" "" "5378"
"5379" "" "5379"
"5380" "" "5380"
"5381" "tare::school" "5381"
"5382" "" "5382"
"5383" "" "5383"
"5384" "" "5384"
"5385" "" "5385"
"5386" "" "5386"
"5387" "" "5387"
"5388" "anthony::familiar, anthony::hand, chuzzlewit::familiar, chuzzlewit::hand" "5388"
"5389" "mrs_gamp::time" "5389"
"5390" "" "5390"
"5391" "" "5391"
"5392" "" "5392"
"5393" "" "5393"
"5394" "" "5394"
"5395" "jonas::load" "5395"
"5396" "jonas::sense" "5396"
"5397" "" "5397"
"5398" "jonas::dress" "5398"
"5399" "" "5399"
"5400" "" "5400"
"5401" "" "5401"
"5402" "" "5402"
"5403" "" "5403"
"5404" "" "5404"
"5405" "" "5405"
"5406" "" "5406"
"5407" "" "5407"
"5408" "mould::found" "5408"
"5409" "" "5409"
"5410" "" "5410"
"5411" "" "5411"
"5412" "" "5412"
"5413" "" "5413"
"5414" "" "5414"
"5415" "" "5415"
"5416" "" "5416"
"5417" "" "5417"
"5418" "" "5418"
"5419" "" "5419"
"5420" "mrs_gamp::little" "5420"
"5421" "" "5421"
"5422" "" "5422"
"5423" "" "5423"
"5424" "" "5424"
"5425" "" "5425"
"5426" "" "5426"
"5427" "" "5427"
"5428" "" "5428"
"5429" "" "5429"
"5430" "" "5430"
"5431" "" "5431"
"5432" "" "5432"
"5433" "" "5433"
"5434" "" "5434"
"5435" "" "5435"
"5436" "mould::ready, tacker::ready" "5436"
"5437" "" "5437"
"5438" "" "5438"
"5439" "tacker::black, tacker::two" "5439"
"5440" "tom::cake" "5440"
"5441" "" "5441"
"5442" "" "5442"
"5443" "mould::little" "5443"
"5444" "" "5444"
"5445" "" "5445"
"5446" "gamp::experience, gamp::room, tacker::experience, tacker::room" "5446"
"5447" "" "5447"
"5448" "jobling::black" "5448"
"5449" "" "5449"
"5450" "" "5450"
"5451" "" "5451"
"5452" "" "5452"
"5453" "" "5453"
"5454" "" "5454"
"5455" "" "5455"
"5456" "" "5456"
"5457" "" "5457"
"5458" "" "5458"
"5459" "" "5459"
"5460" "" "5460"
"5461" "" "5461"
"5462" "" "5462"
"5463" "pecksniff::beg" "5463"
"5464" "" "5464"
"5465" "mould::ready" "5465"
"5466" "" "5466"
"5467" "pecksniff::rest" "5467"
"5468" "" "5468"
"5469" "" "5469"
"5470" "" "5470"
"5471" "" "5471"
"5472" "" "5472"
"5473" "chuffey::time, jonas::time, pecksniff::time" "5473"
"5474" "" "5474"
"5475" "" "5475"
"5476" "" "5476"
"5477" "" "5477"
"5478" "" "5478"
"5479" "mould::stage" "5479"
"5480" "" "5480"
"5481" "tacker::#-unbecoming" "5481"
"5482" "" "5482"
"5483" "" "5483"
"5484" "" "5484"
"5485" "" "5485"
"5486" "" "5486"
"5487" "" "5487"
"5488" "" "5488"
"5489" "" "5489"
"5490" "chuffey::wrong" "5490"
"5491" "" "5491"
"5492" "aye::near, aye::relation, chuffey::near, chuffey::relation" "5492"
"5493" "" "5493"
"5494" "" "5494"
"5495" "" "5495"
"5496" "" "5496"
"5497" "" "5497"
"5498" "" "5498"
"5499" "" "5499"
"5500" "" "5500"
"5501" "chuffey::test" "5501"
"5502" "chuffey::back, chuffey::little" "5502"
"5503" "" "5503"
"5504" "" "5504"
"5505" "" "5505"
"5506" "" "5506"
"5507" "mould::#-end, mould::roof, mould::story, mould::time, mould::wine, mrs_gamp::#-end, mrs_gamp::roof, mrs_gamp::story, mrs_gamp::time, mrs_gamp::wine" "5507"
"5508" "" "5508"
"5509" "" "5509"
"5510" "" "5510"
"5511" "" "5511"
"5512" "" "5512"
"5513" "" "5513"
"5514" "jonas::black, pecksniff::black" "5514"
"5515" "" "5515"
"5516" "pecksniff::hand" "5516"
"5517" "" "5517"
"5518" "" "5518"
"5519" "pecksniff::depend" "5519"
"5520" "" "5520"
"5521" "" "5521"
"5522" "" "5522"
"5523" "" "5523"
"5524" "" "5524"
"5525" "" "5525"
"5526" "" "5526"
"5527" "" "5527"
"5528" "" "5528"
"5529" "" "5529"
"5530" "jonas::doubtful" "5530"
"5531" "" "5531"
"5532" "jonas::two" "5532"
"5533" "" "5533"
"5534" "" "5534"
"5535" "" "5535"
"5536" "" "5536"
"5537" "" "5537"
"5538" "pecksniff::first" "5538"
"5539" "" "5539"
"5540" "" "5540"
"5541" "" "5541"
"5542" "" "5542"
"5543" "" "5543"
"5544" "" "5544"
"5545" "" "5545"
"5546" "" "5546"
"5547" "jonas::time" "5547"
"5548" "" "5548"
"5549" "" "5549"
"5550" "" "5550"
"5551" "" "5551"
"5552" "jonas::roof, pecksniff::roof" "5552"
"5553" "" "5553"
"5554" "" "5554"
"5555" "" "5555"
"5556" "" "5556"
"5557" "" "5557"
"5558" "" "5558"
"5559" "" "5559"
"5560" "" "5560"
"5561" "" "5561"
"5562" "pecksniff::reply" "5562"
"5563" "anthony::hand, anthony::point, jonas::hand, jonas::point" "5563"
"5564" "" "5564"
"5565" "" "5565"
"5566" "" "5566"
"5567" "" "5567"
"5568" "pecksniff::account" "5568"
"5569" "" "5569"
"5570" "" "5570"
"5571" "" "5571"
"5572" "pecksniff::crook, pecksniff::hand" "5572"
"5573" "" "5573"
"5574" "pecksniff::birds, pecksniff::crook" "5574"
"5575" "" "5575"
"5576" "" "5576"
"5577" "" "5577"
"5578" "" "5578"
"5579" "" "5579"
"5580" "" "5580"
"5581" "" "5581"
"5582" "" "5582"
"5583" "" "5583"
"5584" "" "5584"
"5585" "jonas::rest, jonas::week, pecksniff::rest, pecksniff::week" "5585"
"5586" "" "5586"
"5587" "pecksniff::first" "5587"
"5588" "" "5588"
"5589" "" "5589"
"5590" "jonas::scale, pecksniff::scale" "5590"
"5591" "jonas::rest, pecksniff::rest" "5591"
"5592" "" "5592"
"5593" "" "5593"
"5594" "" "5594"
"5595" "" "5595"
"5596" "" "5596"
"5597" "" "5597"
"5598" "" "5598"
"5599" "" "5599"
"5600" "" "5600"
"5601" "jonas::time" "5601"
"5602" "" "5602"
"5603" "" "5603"
"5604" "jonas::hand, pecksniff::hand" "5604"
"5605" "" "5605"
"5606" "" "5606"
"5607" "" "5607"
"5608" "" "5608"
"5609" "pecksniff::admit" "5609"
"5610" "" "5610"
"5611" "" "5611"
"5612" "" "5612"
"5613" "" "5613"
"5614" "" "5614"
"5615" "" "5615"
"5616" "" "5616"
"5617" "jonas::position" "5617"
"5618" "jonas::found, pecksniff::found" "5618"
"5619" "" "5619"
"5620" "jonas::time" "5620"
"5621" "" "5621"
"5622" "" "5622"
"5623" "" "5623"
"5624" "" "5624"
"5625" "" "5625"
"5626" "" "5626"
"5627" "jonas::back, pecksniff::back" "5627"
"5628" "" "5628"
"5629" "" "5629"
"5630" "" "5630"
"5631" "pecksniff::little" "5631"
"5632" "pecksniff::hand, pecksniff::little" "5632"
"5633" "pecksniff::glow" "5633"
"5634" "" "5634"
"5635" "" "5635"
"5636" "" "5636"
"5637" "pecksniff::known, pecksniff::use" "5637"
"5638" "" "5638"
"5639" "" "5639"
"5640" "" "5640"
"5641" "pecksniff::hand" "5641"
"5642" "pecksniff::window" "5642"
"5643" "" "5643"
"5644" "" "5644"
"5645" "" "5645"
"5646" "" "5646"
"5647" "" "5647"
"5648" "" "5648"
"5649" "" "5649"
"5650" "" "5650"
"5651" "" "5651"
"5652" "" "5652"
"5653" "" "5653"
"5654" "" "5654"
"5655" "pecksniff::gentle, pecksniff::vein" "5655"
"5656" "" "5656"
"5657" "" "5657"
"5658" "" "5658"
"5659" "" "5659"
"5660" "" "5660"
"5661" "" "5661"
"5662" "" "5662"
"5663" "" "5663"
"5664" "" "5664"
"5665" "" "5665"
"5666" "jonas::wicked" "5666"
"5667" "" "5667"
"5668" "jonas::request, pecksniff::request" "5668"
"5669" "" "5669"
"5670" "jonas::two" "5670"
"5671" "" "5671"
"5672" "" "5672"
"5673" "jonas::laugh, jonas::window" "5673"
"5674" "" "5674"
"5675" "" "5675"
"5676" "" "5676"
"5677" "" "5677"
"5678" "" "5678"
"5679" "" "5679"
"5680" "" "5680"
"5681" "" "5681"
"5682" "" "5682"
"5683" "" "5683"
"5684" "" "5684"
"5685" "jonas::time" "5685"
"5686" "" "5686"
"5687" "" "5687"
"5688" "" "5688"
"5689" "" "5689"
"5690" "" "5690"
"5691" "" "5691"
"5692" "" "5692"
"5693" "" "5693"
"5694" "jonas::prevent" "5694"
"5695" "" "5695"
"5696" "" "5696"
"5697" "" "5697"
"5698" "" "5698"
"5699" "" "5699"
"5700" "jonas::laugh" "5700"
"5701" "jonas::#-ca, jonas::can" "5701"
"5702" "" "5702"
"5703" "" "5703"
"5704" "" "5704"
"5705" "" "5705"
"5706" "jonas::can" "5706"
"5707" "jonas::can, jonas::order" "5707"
"5708" "" "5708"
"5709" "" "5709"
"5710" "" "5710"
"5711" "" "5711"
"5712" "" "5712"
"5713" "" "5713"
"5714" "" "5714"
"5715" "" "5715"
"5716" "" "5716"
"5717" "" "5717"
"5718" "" "5718"
"5719" "" "5719"
"5720" "" "5720"
"5721" "" "5721"
"5722" "" "5722"
"5723" "" "5723"
"5724" "" "5724"
"5725" "" "5725"
"5726" "jonas::thought" "5726"
"5727" "" "5727"
"5728" "" "5728"
"5729" "jonas::thought" "5729"
"5730" "jonas::#-thought" "5730"
"5731" "" "5731"
"5732" "" "5732"
"5733" "jonas::tease" "5733"
"5734" "" "5734"
"5735" "" "5735"
"5736" "" "5736"
"5737" "pecksniff::room" "5737"
"5738" "pecksniff::calm, pecksniff::full" "5738"
"5739" "" "5739"
"5740" "" "5740"
"5741" "" "5741"
"5742" "" "5742"
"5743" "" "5743"
"5744" "" "5744"
"5745" "" "5745"
"5746" "" "5746"
"5747" "" "5747"
"5748" "" "5748"
"5749" "" "5749"
"5750" "" "5750"
"5751" "" "5751"
"5752" "" "5752"
"5753" "" "5753"
"5754" "" "5754"
"5755" "" "5755"
"5756" "" "5756"
"5757" "" "5757"
"5758" "pecksniff::full, pecksniff::room" "5758"
"5759" "pecksniff::found" "5759"
"5760" "" "5760"
"5761" "" "5761"
"5762" "" "5762"
"5763" "" "5763"
"5764" "" "5764"
"5765" "" "5765"
"5766" "" "5766"
"5767" "" "5767"
"5768" "pecksniff::wonder" "5768"
"5769" "tom_pinch::room" "5769"
"5770" "pecksniff::private, tom::private" "5770"
"5771" "" "5771"
"5772" "" "5772"
"5773" "mr_pinch::beg, pecksniff::beg" "5773"
"5774" "" "5774"
"5775" "" "5775"
"5776" "" "5776"
"5777" "" "5777"
"5778" "mr_pinch::strange" "5778"
"5779" "" "5779"
"5780" "tom::hand" "5780"
"5781" "" "5781"
"5782" "" "5782"
"5783" "" "5783"
"5784" "" "5784"
"5785" "" "5785"
"5786" "" "5786"
"5787" "" "5787"
"5788" "" "5788"
"5789" "tom::sense" "5789"
"5790" "pecksniff::wrong" "5790"
"5791" "tom::time" "5791"
"5792" "" "5792"
"5793" "pecksniff::full" "5793"
"5794" "" "5794"
"5795" "" "5795"
"5796" "tom::time" "5796"
"5797" "pecksniff::first, pecksniff::thought, tom::first, tom::thought" "5797"
"5798" "" "5798"
"5799" "pecksniff::winter, tom::winter" "5799"
"5800" "pecksniff::teeth, tom::teeth" "5800"
"5801" "" "5801"
"5802" "" "5802"
"5803" "" "5803"
"5804" "" "5804"
"5805" "" "5805"
"5806" "" "5806"
"5807" "" "5807"
"5808" "" "5808"
"5809" "pecksniff::full, pecksniff::train" "5809"
"5810" "pecksniff::present" "5810"
"5811" "" "5811"
"5812" "ceasar::sense" "5812"
"5813" "ceasar::public" "5813"
"5814" "" "5814"
"5815" "" "5815"
"5816" "" "5816"
"5817" "" "5817"
"5818" "" "5818"
"5819" "" "5819"
"5820" "" "5820"
"5821" "" "5821"
"5822" "" "5822"
"5823" "" "5823"
"5824" "" "5824"
"5825" "" "5825"
"5826" "mark_tapley::comfortable, mark_tapley::first, mark_tapley::full, martin::comfortable, martin::first, martin::full" "5826"
"5827" "" "5827"
"5828" "" "5828"
"5829" "" "5829"
"5830" "" "5830"
"5831" "" "5831"
"5832" "" "5832"
"5833" "" "5833"
"5834" "" "5834"
"5835" "" "5835"
"5836" "martin::time" "5836"
"5837" "" "5837"
"5838" "walley::name" "5838"
"5839" "" "5839"
"5840" "" "5840"
"5841" "" "5841"
"5842" "" "5842"
"5843" "" "5843"
"5844" "" "5844"
"5845" "" "5845"
"5846" "" "5846"
"5847" "" "5847"
"5848" "" "5848"
"5849" "" "5849"
"5850" "" "5850"
"5851" "walley::talk" "5851"
"5852" "walley::time" "5852"
"5853" "" "5853"
"5854" "" "5854"
"5855" "" "5855"
"5856" "" "5856"
"5857" "" "5857"
"5858" "" "5858"
"5859" "mark::#-thought" "5859"
"5860" "" "5860"
"5861" "" "5861"
"5862" "" "5862"
"5863" "" "5863"
"5864" "" "5864"
"5865" "mark::dirty, mark::red, mark::yellow, martin::dirty, martin::red, martin::yellow" "5865"
"5866" "mark::cake, mark::hand, martin::cake, martin::hand" "5866"
"5867" "mark::little, mark::private, martin::little, martin::private" "5867"
"5868" "" "5868"
"5869" "" "5869"
"5870" "" "5870"
"5871" "martin::cake" "5871"
"5872" "mark::back, mark::large, martin::back, martin::large" "5872"
"5873" "mark::point, martin::point" "5873"
"5874" "" "5874"
"5875" "" "5875"
"5876" "" "5876"
"5877" "" "5877"
"5878" "" "5878"
"5879" "" "5879"
"5880" "" "5880"
"5881" "" "5881"
"5882" "" "5882"
"5883" "" "5883"
"5884" "" "5884"
"5885" "" "5885"
"5886" "" "5886"
"5887" "victoria::shoes" "5887"
"5888" "" "5888"
"5889" "victoria::cold" "5889"
"5890" "" "5890"
"5891" "" "5891"
"5892" "" "5892"
"5893" "" "5893"
"5894" "" "5894"
"5895" "" "5895"
"5896" "" "5896"
"5897" "" "5897"
"5898" "" "5898"
"5899" "" "5899"
"5900" "" "5900"
"5901" "" "5901"
"5902" "" "5902"
"5903" "choke::warm, la_fayette_kettle::warm" "5903"
"5904" "" "5904"
"5905" "" "5905"
"5906" "choke::rest" "5906"
"5907" "" "5907"
"5908" "" "5908"
"5909" "martin::hand, martin::money, tapley::hand, tapley::money" "5909"
"5910" "" "5910"
"5911" "" "5911"
"5912" "" "5912"
"5913" "" "5913"
"5914" "" "5914"
"5915" "" "5915"
"5916" "" "5916"
"5917" "choke::hand" "5917"
"5918" "" "5918"
"5919" "" "5919"
"5920" "martin::command, martin::error" "5920"
"5921" "" "5921"
"5922" "" "5922"
"5923" "james::time" "5923"
"5924" "" "5924"
"5925" "" "5925"
"5926" "" "5926"
"5927" "" "5927"
"5928" "" "5928"
"5929" "" "5929"
"5930" "" "5930"
"5931" "" "5931"
"5932" "" "5932"
"5933" "" "5933"
"5934" "" "5934"
"5935" "" "5935"
"5936" "" "5936"
"5937" "" "5937"
"5938" "" "5938"
"5939" "" "5939"
"5940" "" "5940"
"5941" "" "5941"
"5942" "" "5942"
"5943" "" "5943"
"5944" "" "5944"
"5945" "" "5945"
"5946" "" "5946"
"5947" "martin::little" "5947"
"5948" "" "5948"
"5949" "martin::hope" "5949"
"5950" "" "5950"
"5951" "" "5951"
"5952" "" "5952"
"5953" "babel::excuse, babel::time" "5953"
"5954" "" "5954"
"5955" "" "5955"
"5956" "" "5956"
"5957" "" "5957"
"5958" "" "5958"
"5959" "" "5959"
"5960" "" "5960"
"5961" "" "5961"
"5962" "" "5962"
"5963" "martin::secret" "5963"
"5964" "" "5964"
"5965" "" "5965"
"5966" "" "5966"
"5967" "" "5967"
"5968" "" "5968"
"5969" "" "5969"
"5970" "" "5970"
"5971" "" "5971"
"5972" "" "5972"
"5973" "jefferson_brick::dress, la_fayette_kettle::dress" "5973"
"5974" "" "5974"
"5975" "martin::enchanting" "5975"
"5976" "" "5976"
"5977" "" "5977"
"5978" "" "5978"
"5979" "mark::little, martin::little" "5979"
"5980" "tapley::#-determined" "5980"
"5981" "martin::little" "5981"
"5982" "" "5982"
"5983" "" "5983"
"5984" "" "5984"
"5985" "" "5985"
"5986" "martin::money" "5986"
"5987" "" "5987"
"5988" "" "5988"
"5989" "" "5989"
"5990" "" "5990"
"5991" "" "5991"
"5992" "mark::#-talk, mark::thought, martin::#-talk, martin::thought, tom_pinch::#-talk, tom_pinch::thought" "5992"
"5993" "" "5993"
"5994" "martin::important" "5994"
"5995" "mark::partner" "5995"
"5996" "" "5996"
"5997" "" "5997"
"5998" "" "5998"
"5999" "" "5999"
"6000" "martin::can" "6000"
"6001" "" "6001"
"6002" "" "6002"
"6003" "" "6003"
"6004" "" "6004"
"6005" "chuzzlewit::#-hot, chuzzlewit::idea, chuzzlewit::love, chuzzlewit::name, chuzzlewit::red, mark::#-hot, mark::idea, mark::love, mark::name, mark::red, martin::#-hot, martin::idea, martin::love, martin::name, martin::red, tapley::#-hot, tapley::idea, tapley::love, tapley::name, tapley::red" "6005"
"6006" "" "6006"
"6007" "" "6007"
"6008" "" "6008"
"6009" "" "6009"
"6010" "" "6010"
"6011" "martin::public" "6011"
"6012" "" "6012"
"6013" "" "6013"
"6014" "" "6014"
"6015" "mark::end" "6015"
"6016" "" "6016"
"6017" "" "6017"
"6018" "" "6018"
"6019" "" "6019"
"6020" "" "6020"
"6021" "" "6021"
"6022" "" "6022"
"6023" "" "6023"
"6024" "" "6024"
"6025" "" "6025"
"6026" "" "6026"
"6027" "" "6027"
"6028" "" "6028"
"6029" "" "6029"
"6030" "" "6030"
"6031" "" "6031"
"6032" "scadder::name" "6032"
"6033" "" "6033"
"6034" "" "6034"
"6035" "" "6035"
"6036" "" "6036"
"6037" "" "6037"
"6038" "" "6038"
"6039" "" "6039"
"6040" "scadder::talk" "6040"
"6041" "" "6041"
"6042" "" "6042"
"6043" "" "6043"
"6044" "" "6044"
"6045" "" "6045"
"6046" "" "6046"
"6047" "" "6047"
"6048" "" "6048"
"6049" "" "6049"
"6050" "" "6050"
"6051" "" "6051"
"6052" "" "6052"
"6053" "" "6053"
"6054" "" "6054"
"6055" "" "6055"
"6056" "scadder::hand" "6056"
"6057" "" "6057"
"6058" "scadder::account, scadder::waiting" "6058"
"6059" "" "6059"
"6060" "" "6060"
"6061" "" "6061"
"6062" "scadder::teeth" "6062"
"6063" "" "6063"
"6064" "" "6064"
"6065" "" "6065"
"6066" "" "6066"
"6067" "" "6067"
"6068" "" "6068"
"6069" "" "6069"
"6070" "martin::important, martin::round" "6070"
"6071" "" "6071"
"6072" "" "6072"
"6073" "" "6073"
"6074" "" "6074"
"6075" "" "6075"
"6076" "" "6076"
"6077" "" "6077"
"6078" "" "6078"
"6079" "" "6079"
"6080" "" "6080"
"6081" "" "6081"
"6082" "mark::roof" "6082"
"6083" "" "6083"
"6084" "" "6084"
"6085" "mark::work, martin::work" "6085"
"6086" "mark::public" "6086"
"6087" "" "6087"
"6088" "" "6088"
"6089" "" "6089"
"6090" "" "6090"
"6091" "scadder::clean, scadder::dirty" "6091"
"6092" "" "6092"
"6093" "martin::sense, scadder::sense" "6093"
"6094" "" "6094"
"6095" "" "6095"
"6096" "" "6096"
"6097" "" "6097"
"6098" "mark::back, scadder::back" "6098"
"6099" "" "6099"
"6100" "" "6100"
"6101" "" "6101"
"6102" "" "6102"
"6103" "" "6103"
"6104" "" "6104"
"6105" "" "6105"
"6106" "" "6106"
"6107" "" "6107"
"6108" "" "6108"
"6109" "mark::hope, martin::hope" "6109"
"6110" "" "6110"
"6111" "" "6111"
"6112" "" "6112"
"6113" "" "6113"
"6114" "" "6114"
"6115" "" "6115"
"6116" "" "6116"
"6117" "" "6117"
"6118" "" "6118"
"6119" "martin::wall" "6119"
"6120" "" "6120"
"6121" "" "6121"
"6122" "martin::money, scadder::money" "6122"
"6123" "" "6123"
"6124" "" "6124"
"6125" "" "6125"
"6126" "" "6126"
"6127" "mark::back" "6127"
"6128" "" "6128"
"6129" "" "6129"
"6130" "zephaniah_scadder::two" "6130"
"6131" "" "6131"
"6132" "la_fayette_kettle::curious, la_fayette_kettle::end, la_fayette_kettle::little, martin::curious, martin::end, martin::little" "6132"
"6133" "" "6133"
"6134" "" "6134"
"6135" "" "6135"
"6136" "" "6136"
"6137" "" "6137"
"6138" "" "6138"
"6139" "" "6139"
"6140" "" "6140"
"6141" "" "6141"
"6142" "" "6142"
"6143" "" "6143"
"6144" "" "6144"
"6145" "" "6145"
"6146" "" "6146"
"6147" "" "6147"
"6148" "" "6148"
"6149" "" "6149"
"6150" "" "6150"
"6151" "" "6151"
"6152" "la_fayette::hand, martin::hand" "6152"
"6153" "" "6153"
"6154" "columbian::full" "6154"
"6155" "" "6155"
"6156" "martin::ray, martin::time" "6156"
"6157" "martin::#-love, martin::earth" "6157"
"6158" "martin::curious" "6158"
"6159" "" "6159"
"6160" "" "6160"
"6161" "" "6161"
"6162" "" "6162"
"6163" "" "6163"
"6164" "" "6164"
"6165" "peter_wilkins::large" "6165"
"6166" "" "6166"
"6167" "" "6167"
"6168" "" "6168"
"6169" "" "6169"
"6170" "" "6170"
"6171" "cyrus_choke::name" "6171"
"6172" "cyrus_choke::train" "6172"
"6173" "cyrus_choke::hand" "6173"
"6174" "cyrus_choke::wonder" "6174"
"6175" "" "6175"
"6176" "" "6176"
"6177" "" "6177"
"6178" "" "6178"
"6179" "" "6179"
"6180" "" "6180"
"6181" "" "6181"
"6182" "" "6182"
"6183" "" "6183"
"6184" "" "6184"
"6185" "" "6185"
"6186" "" "6186"
"6187" "" "6187"
"6188" "" "6188"
"6189" "" "6189"
"6190" "" "6190"
"6191" "" "6191"
"6192" "" "6192"
"6193" "martin::window" "6193"
"6194" "" "6194"
"6195" "" "6195"
"6196" "martin::near" "6196"
"6197" "martin::known" "6197"
"6198" "" "6198"
"6199" "" "6199"
"6200" "" "6200"
"6201" "" "6201"
"6202" "" "6202"
"6203" "" "6203"
"6204" "" "6204"
"6205" "" "6205"
"6206" "miller::suggest" "6206"
"6207" "martin::back" "6207"
"6208" "" "6208"
"6209" "" "6209"
"6210" "" "6210"
"6211" "" "6211"
"6212" "" "6212"
"6213" "" "6213"
"6214" "" "6214"
"6215" "" "6215"
"6216" "" "6216"
"6217" "" "6217"
"6218" "" "6218"
"6219" "" "6219"
"6220" "byron::reflective" "6220"
"6221" "" "6221"
"6222" "" "6222"
"6223" "" "6223"
"6224" "" "6224"
"6225" "kedgick::crown, kedgick::little, kedgick::public" "6225"
"6226" "" "6226"
"6227" "" "6227"
"6228" "" "6228"
"6229" "" "6229"
"6230" "" "6230"
"6231" "" "6231"
"6232" "" "6232"
"6233" "" "6233"
"6234" "" "6234"
"6235" "" "6235"
"6236" "" "6236"
"6237" "" "6237"
"6238" "" "6238"
"6239" "" "6239"
"6240" "" "6240"
"6241" "mark::two, martin::two" "6241"
"6242" "" "6242"
"6243" "martin::name, martin::thought" "6243"
"6244" "" "6244"
"6245" "martin::room" "6245"
"6246" "" "6246"
"6247" "" "6247"
"6248" "" "6248"
"6249" "martin::hand" "6249"
"6250" "mark::partner" "6250"
"6251" "" "6251"
"6252" "martin::laugh, martin::two" "6252"
"6253" "kedgick::hand, kedgick::room, kedgick::safe, martin::hand, martin::room, martin::safe" "6253"
"6254" "" "6254"
"6255" "" "6255"
"6256" "" "6256"
"6257" "" "6257"
"6258" "" "6258"
"6259" "" "6259"
"6260" "" "6260"
"6261" "" "6261"
"6262" "" "6262"
"6263" "" "6263"
"6264" "" "6264"
"6265" "" "6265"
"6266" "" "6266"
"6267" "" "6267"
"6268" "martin::teeth" "6268"
"6269" "martin::back, martin::rest" "6269"
"6270" "" "6270"
"6271" "martin::scientific" "6271"
"6272" "" "6272"
"6273" "" "6273"
"6274" "" "6274"
"6275" "" "6275"
"6276" "" "6276"
"6277" "" "6277"
"6278" "" "6278"
"6279" "martin::worry" "6279"
"6280" "" "6280"
"6281" "mark::open" "6281"
"6282" "" "6282"
"6283" "mark::hand" "6283"
"6284" "" "6284"
"6285" "" "6285"
"6286" "" "6286"
"6287" "martin::thought" "6287"
"6288" "" "6288"
"6289" "martin::use" "6289"
"6290" "" "6290"
"6291" "" "6291"
"6292" "" "6292"
"6293" "" "6293"
"6294" "" "6294"
"6295" "" "6295"
"6296" "" "6296"
"6297" "" "6297"
"6298" "" "6298"
"6299" "" "6299"
"6300" "martin::full" "6300"
"6301" "" "6301"
"6302" "" "6302"
"6303" "" "6303"
"6304" "mrs_hominy::dress" "6304"
"6305" "" "6305"
"6306" "" "6306"
"6307" "" "6307"
"6308" "" "6308"
"6309" "" "6309"
"6310" "mrs_hominy::red" "6310"
"6311" "" "6311"
"6312" "" "6312"
"6313" "" "6313"
"6314" "" "6314"
"6315" "martin::two, mrs_hominy::two" "6315"
"6316" "" "6316"
"6317" "" "6317"
"6318" "" "6318"
"6319" "" "6319"
"6320" "" "6320"
"6321" "" "6321"
"6322" "" "6322"
"6323" "" "6323"
"6324" "" "6324"
"6325" "" "6325"
"6326" "" "6326"
"6327" "" "6327"
"6328" "" "6328"
"6329" "" "6329"
"6330" "mrs_hominy::large" "6330"
"6331" "" "6331"
"6332" "" "6332"
"6333" "" "6333"
"6334" "" "6334"
"6335" "martin::full" "6335"
"6336" "" "6336"
"6337" "" "6337"
"6338" "martin::idea, mrs_hominy::idea" "6338"
"6339" "martin::little, mrs_hominy::little" "6339"
"6340" "" "6340"
"6341" "martin::determined, martin::person, martin::two" "6341"
"6342" "mark::busy" "6342"
"6343" "mark::living, mark::week" "6343"
"6344" "" "6344"
"6345" "" "6345"
"6346" "" "6346"
"6347" "" "6347"
"6348" "" "6348"
"6349" "martin::letters, martin::money" "6349"
"6350" "mark::back" "6350"
"6351" "" "6351"
"6352" "" "6352"
"6353" "" "6353"
"6354" "" "6354"
"6355" "" "6355"
"6356" "" "6356"
"6357" "" "6357"
"6358" "" "6358"
"6359" "" "6359"
"6360" "" "6360"
"6361" "" "6361"
"6362" "" "6362"
"6363" "" "6363"
"6364" "" "6364"
"6365" "eden::back" "6365"
"6366" "" "6366"
"6367" "" "6367"
"6368" "" "6368"
"6369" "" "6369"
"6370" "" "6370"
"6371" "" "6371"
"6372" "" "6372"
"6373" "" "6373"
"6374" "" "6374"
"6375" "" "6375"
"6376" "" "6376"
"6377" "bevan::stamp, martin::stamp" "6377"
"6378" "bevan::sense, martin::sense" "6378"
"6379" "" "6379"
"6380" "" "6380"
"6381" "mark::work" "6381"
"6382" "" "6382"
"6383" "" "6383"
"6384" "" "6384"
"6385" "" "6385"
"6386" "" "6386"
"6387" "" "6387"
"6388" "" "6388"
"6389" "mark::thought" "6389"
"6390" "" "6390"
"6391" "" "6391"
"6392" "" "6392"
"6393" "" "6393"
"6394" "" "6394"
"6395" "" "6395"
"6396" "" "6396"
"6397" "" "6397"
"6398" "" "6398"
"6399" "" "6399"
"6400" "" "6400"
"6401" "" "6401"
"6402" "" "6402"
"6403" "mrs_hominy::near" "6403"
"6404" "" "6404"
"6405" "" "6405"
"6406" "" "6406"
"6407" "" "6407"
"6408" "" "6408"
"6409" "" "6409"
"6410" "" "6410"
"6411" "" "6411"
"6412" "martin::round" "6412"
"6413" "" "6413"
"6414" "" "6414"
"6415" "" "6415"
"6416" "" "6416"
"6417" "mrs_hominy::work" "6417"
"6418" "mrs_hominy::married" "6418"
"6419" "martin::red" "6419"
"6420" "mark::time" "6420"
"6421" "" "6421"
"6422" "" "6422"
"6423" "" "6423"
"6424" "" "6424"
"6425" "martin::room" "6425"
"6426" "" "6426"
"6427" "" "6427"
"6428" "" "6428"
"6429" "" "6429"
"6430" "mark::guard" "6430"
"6431" "" "6431"
"6432" "" "6432"
"6433" "mark::#-talk, mark::name, martin::#-talk, martin::name" "6433"
"6434" "" "6434"
"6435" "" "6435"
"6436" "" "6436"
"6437" "" "6437"
"6438" "" "6438"
"6439" "" "6439"
"6440" "" "6440"
"6441" "" "6441"
"6442" "" "6442"
"6443" "mark::public" "6443"
"6444" "" "6444"
"6445" "" "6445"
"6446" "" "6446"
"6447" "" "6447"
"6448" "" "6448"
"6449" "" "6449"
"6450" "" "6450"
"6451" "" "6451"
"6452" "" "6452"
"6453" "" "6453"
"6454" "" "6454"
"6455" "" "6455"
"6456" "" "6456"
"6457" "mark::hand" "6457"
"6458" "" "6458"
"6459" "mark::hand" "6459"
"6460" "" "6460"
"6461" "" "6461"
"6462" "martin::safe" "6462"
"6463" "" "6463"
"6464" "" "6464"
"6465" "" "6465"
"6466" "" "6466"
"6467" "" "6467"
"6468" "" "6468"
"6469" "mark::excuse" "6469"
"6470" "" "6470"
"6471" "mark::open" "6471"
"6472" "" "6472"
"6473" "mark::earth, martin::earth" "6473"
"6474" "mark::auspicious, mark::back" "6474"
"6475" "" "6475"
"6476" "martin::time" "6476"
"6477" "tapley::love" "6477"
"6478" "" "6478"
"6479" "" "6479"
"6480" "" "6480"
"6481" "" "6481"
"6482" "" "6482"
"6483" "" "6483"
"6484" "" "6484"
"6485" "" "6485"
"6486" "" "6486"
"6487" "" "6487"
"6488" "" "6488"
"6489" "" "6489"
"6490" "" "6490"
"6491" "" "6491"
"6492" "" "6492"
"6493" "" "6493"
"6494" "" "6494"
"6495" "" "6495"
"6496" "" "6496"
"6497" "" "6497"
"6498" "" "6498"
"6499" "" "6499"
"6500" "" "6500"
"6501" "" "6501"
"6502" "mark::ready" "6502"
"6503" "" "6503"
"6504" "" "6504"
"6505" "" "6505"
"6506" "" "6506"
"6507" "martin::box" "6507"
"6508" "" "6508"
"6509" "" "6509"
"6510" "" "6510"
"6511" "" "6511"
"6512" "" "6512"
"6513" "" "6513"
"6514" "" "6514"
"6515" "" "6515"
"6516" "" "6516"
"6517" "" "6517"
"6518" "" "6518"
"6519" "" "6519"
"6520" "mark::little, martin::little" "6520"
"6521" "" "6521"
"6522" "" "6522"
"6523" "" "6523"
"6524" "" "6524"
"6525" "" "6525"
"6526" "" "6526"
"6527" "" "6527"
"6528" "" "6528"
"6529" "" "6529"
"6530" "" "6530"
"6531" "" "6531"
"6532" "" "6532"
"6533" "" "6533"
"6534" "" "6534"
"6535" "" "6535"
"6536" "" "6536"
"6537" "" "6537"
"6538" "" "6538"
"6539" "martin::time" "6539"
"6540" "" "6540"
"6541" "" "6541"
"6542" "mark::end" "6542"
"6543" "" "6543"
"6544" "" "6544"
"6545" "" "6545"
"6546" "mark::open, martin::open" "6546"
"6547" "mark::#-work" "6547"
"6548" "" "6548"
"6549" "" "6549"
"6550" "" "6550"
"6551" "" "6551"
"6552" "" "6552"
"6553" "martin::open, martin::time" "6553"
"6554" "" "6554"
"6555" "" "6555"
"6556" "" "6556"
"6557" "" "6557"
"6558" "" "6558"
"6559" "" "6559"
"6560" "" "6560"
"6561" "" "6561"
"6562" "" "6562"
"6563" "" "6563"
"6564" "" "6564"
"6565" "" "6565"
"6566" "" "6566"
"6567" "" "6567"
"6568" "" "6568"
"6569" "" "6569"
"6570" "" "6570"
"6571" "mark::religion" "6571"
"6572" "" "6572"
"6573" "mark::little" "6573"
"6574" "" "6574"
"6575" "" "6575"
"6576" "" "6576"
"6577" "" "6577"
"6578" "" "6578"
"6579" "jonas::time, pecksniff::time, tapley::time" "6579"
"6580" "jonas::open" "6580"
"6581" "" "6581"
"6582" "" "6582"
"6583" "jonas::idea, pecksniff::idea" "6583"
"6584" "thomas_pinch::room, tom::room" "6584"
"6585" "" "6585"
"6586" "" "6586"
"6587" "" "6587"
"6588" "jonas::excuse, pecksniff::excuse" "6588"
"6589" "" "6589"
"6590" "" "6590"
"6591" "pecksniff::street, pecksniff::thought" "6591"
"6592" "" "6592"
"6593" "" "6593"
"6594" "" "6594"
"6595" "" "6595"
"6596" "" "6596"
"6597" "" "6597"
"6598" "" "6598"
"6599" "" "6599"
"6600" "" "6600"
"6601" "" "6601"
"6602" "adam::first" "6602"
"6603" "adam::little" "6603"
"6604" "spiller::time, spoker::time" "6604"
"6605" "pecksniff::overjoyed" "6605"
"6606" "" "6606"
"6607" "pecksniff::hope" "6607"
"6608" "" "6608"
"6609" "" "6609"
"6610" "" "6610"
"6611" "" "6611"
"6612" "" "6612"
"6613" "" "6613"
"6614" "mary::thought, pecksniff::thought" "6614"
"6615" "pecksniff::first, tom::first" "6615"
"6616" "" "6616"
"6617" "" "6617"
"6618" "" "6618"
"6619" "" "6619"
"6620" "" "6620"
"6621" "" "6621"
"6622" "" "6622"
"6623" "" "6623"
"6624" "" "6624"
"6625" "tom::escape" "6625"
"6626" "pecksniff::window" "6626"
"6627" "" "6627"
"6628" "" "6628"
"6629" "" "6629"
"6630" "jonas::gentle, pecksniff::gentle" "6630"
"6631" "jonas::excuse, pecksniff::excuse" "6631"
"6632" "anthony::can, anthony::relation" "6632"
"6633" "" "6633"
"6634" "pecksniff::hand" "6634"
"6635" "" "6635"
"6636" "" "6636"
"6637" "" "6637"
"6638" "" "6638"
"6639" "" "6639"
"6640" "" "6640"
"6641" "" "6641"
"6642" "" "6642"
"6643" "" "6643"
"6644" "" "6644"
"6645" "" "6645"
"6646" "" "6646"
"6647" "" "6647"
"6648" "" "6648"
"6649" "" "6649"
"6650" "" "6650"
"6651" "pecksniff::distance" "6651"
"6652" "oldmc_chuzzlewit::time" "6652"
"6653" "" "6653"
"6654" "" "6654"
"6655" "" "6655"
"6656" "" "6656"
"6657" "" "6657"
"6658" "gamp::name, gamp::person, mrs_gamp::name, mrs_gamp::person" "6658"
"6659" "jonas::time" "6659"
"6660" "" "6660"
"6661" "" "6661"
"6662" "high_holborn::line, mrs_gamp::line" "6662"
"6663" "" "6663"
"6664" "" "6664"
"6665" "" "6665"
"6666" "mr_pecksniff::warm" "6666"
"6667" "" "6667"
"6668" "pecksniff::wonder" "6668"
"6669" "" "6669"
"6670" "" "6670"
"6671" "" "6671"
"6672" "" "6672"
"6673" "" "6673"
"6674" "" "6674"
"6675" "" "6675"
"6676" "" "6676"
"6677" "mr_pecksniff::excuse, mr_pecksniff::room" "6677"
"6678" "" "6678"
"6679" "" "6679"
"6680" "" "6680"
"6681" "jonas::attempt, jonas::fear, jonas::waiting" "6681"
"6682" "" "6682"
"6683" "" "6683"
"6684" "" "6684"
"6685" "" "6685"
"6686" "" "6686"
"6687" "" "6687"
"6688" "" "6688"
"6689" "" "6689"
"6690" "pecksniff::window" "6690"
"6691" "" "6691"
"6692" "" "6692"
"6693" "" "6693"
"6694" "jonas::first, jonas::fresh, jonas::little, jonas::retire" "6694"
"6695" "" "6695"
"6696" "jonas::two, mary::two, pecksniff::two" "6696"
"6697" "jonas::time, mary::time, pecksniff::time" "6697"
"6698" "jonas::present, mary::present, pecksniff::present" "6698"
"6699" "" "6699"
"6700" "mr_pinch::#-object, pecksniff::#-object" "6700"
"6701" "" "6701"
"6702" "pecksniff::hand" "6702"
"6703" "" "6703"
"6704" "" "6704"
"6705" "" "6705"
"6706" "thomas::found, tom::found" "6706"
"6707" "tom_pinch::hand" "6707"
"6708" "" "6708"
"6709" "" "6709"
"6710" "" "6710"
"6711" "" "6711"
"6712" "jonas_chuzzlewit::relieved, martin::relieved, mary::relieved, tom::relieved" "6712"
"6713" "" "6713"
"6714" "" "6714"
"6715" "" "6715"
"6716" "" "6716"
"6717" "mary::little, mr_pinch::little" "6717"
"6718" "" "6718"
"6719" "pecksniff::determined, tom::determined" "6719"
"6720" "" "6720"
"6721" "martin::first, tom::first" "6721"
"6722" "tom::thought" "6722"
"6723" "" "6723"
"6724" "" "6724"
"6725" "" "6725"
"6726" "" "6726"
"6727" "tom::back" "6727"
"6728" "tom::first" "6728"
"6729" "" "6729"
"6730" "" "6730"
"6731" "" "6731"
"6732" "" "6732"
"6733" "" "6733"
"6734" "" "6734"
"6735" "" "6735"
"6736" "" "6736"
"6737" "" "6737"
"6738" "" "6738"
"6739" "" "6739"
"6740" "" "6740"
"6741" "" "6741"
"6742" "tom::talk" "6742"
"6743" "jonas::hope" "6743"
"6744" "" "6744"
"6745" "" "6745"
"6746" "pitch::name, tom::name" "6746"
"6747" "" "6747"
"6748" "" "6748"
"6749" "jonas::name" "6749"
"6750" "" "6750"
"6751" "jonas::little, tom::little" "6751"
"6752" "" "6752"
"6753" "pecksniff::married" "6753"
"6754" "" "6754"
"6755" "" "6755"
"6756" "" "6756"
"6757" "" "6757"
"6758" "" "6758"
"6759" "" "6759"
"6760" "" "6760"
"6761" "" "6761"
"6762" "" "6762"
"6763" "" "6763"
"6764" "" "6764"
"6765" "" "6765"
"6766" "" "6766"
"6767" "" "6767"
"6768" "" "6768"
"6769" "tom::little" "6769"
"6770" "" "6770"
"6771" "" "6771"
"6772" "" "6772"
"6773" "" "6773"
"6774" "" "6774"
"6775" "" "6775"
"6776" "" "6776"
"6777" "" "6777"
"6778" "" "6778"
"6779" "" "6779"
"6780" "tom::first" "6780"
"6781" "" "6781"
"6782" "" "6782"
"6783" "" "6783"
"6784" "" "6784"
"6785" "" "6785"
"6786" "" "6786"
"6787" "" "6787"
"6788" "jonas::little, tom_pinch::little" "6788"
"6789" "jonas::time, tom::time" "6789"
"6790" "" "6790"
"6791" "" "6791"
"6792" "" "6792"
"6793" "" "6793"
"6794" "" "6794"
"6795" "" "6795"
"6796" "" "6796"
"6797" "" "6797"
"6798" "" "6798"
"6799" "" "6799"
"6800" "" "6800"
"6801" "" "6801"
"6802" "jonas::finger, jonas::gentle, jonas::lip, mr_pinch::finger, mr_pinch::gentle, mr_pinch::lip" "6802"
"6803" "" "6803"
"6804" "" "6804"
"6805" "" "6805"
"6806" "" "6806"
"6807" "" "6807"
"6808" "" "6808"
"6809" "" "6809"
"6810" "" "6810"
"6811" "" "6811"
"6812" "" "6812"
"6813" "" "6813"
"6814" "" "6814"
"6815" "" "6815"
"6816" "tom::hand, tom::wonder" "6816"
"6817" "" "6817"
"6818" "" "6818"
"6819" "" "6819"
"6820" "" "6820"
"6821" "" "6821"
"6822" "" "6822"
"6823" "" "6823"
"6824" "tom::hand" "6824"
"6825" "jonas_chuzzlewit::hand, tom::hand" "6825"
"6826" "tom::full, tom::room" "6826"
"6827" "" "6827"
"6828" "" "6828"
"6829" "" "6829"
"6830" "tom::full, tom::position" "6830"
"6831" "" "6831"
"6832" "" "6832"
"6833" "tom::thought" "6833"
"6834" "" "6834"
"6835" "" "6835"
"6836" "" "6836"
"6837" "" "6837"
"6838" "" "6838"
"6839" "" "6839"
"6840" "" "6840"
"6841" "tom::little, tom::present" "6841"
"6842" "" "6842"
"6843" "" "6843"
"6844" "" "6844"
"6845" "tom::book" "6845"
"6846" "" "6846"
"6847" "" "6847"
"6848" "jonas::temper" "6848"
"6849" "martin::little" "6849"
"6850" "" "6850"
"6851" "" "6851"
"6852" "" "6852"
"6853" "" "6853"
"6854" "" "6854"
"6855" "" "6855"
"6856" "" "6856"
"6857" "" "6857"
"6858" "" "6858"
"6859" "" "6859"
"6860" "" "6860"
"6861" "chuzzlewit::excuse, lor::excuse" "6861"
"6862" "" "6862"
"6863" "" "6863"
"6864" "" "6864"
"6865" "" "6865"
"6866" "" "6866"
"6867" "" "6867"
"6868" "" "6868"
"6869" "" "6869"
"6870" "" "6870"
"6871" "" "6871"
"6872" "" "6872"
"6873" "chuzzlewit::tease" "6873"
"6874" "" "6874"
"6875" "" "6875"
"6876" "" "6876"
"6877" "" "6877"
"6878" "" "6878"
"6879" "" "6879"
"6880" "" "6880"
"6881" "" "6881"
"6882" "" "6882"
"6883" "" "6883"
"6884" "" "6884"
"6885" "" "6885"
"6886" "" "6886"
"6887" "" "6887"
"6888" "" "6888"
"6889" "chuzzlewit::#-use, chuzzlewit::hope" "6889"
"6890" "" "6890"
"6891" "" "6891"
"6892" "" "6892"
"6893" "" "6893"
"6894" "" "6894"
"6895" "" "6895"
"6896" "" "6896"
"6897" "" "6897"
"6898" "" "6898"
"6899" "" "6899"
"6900" "" "6900"
"6901" "" "6901"
"6902" "" "6902"
"6903" "" "6903"
"6904" "" "6904"
"6905" "" "6905"
"6906" "" "6906"
"6907" "" "6907"
"6908" "" "6908"
"6909" "" "6909"
"6910" "" "6910"
"6911" "" "6911"
"6912" "" "6912"
"6913" "" "6913"
"6914" "jonas::full" "6914"
"6915" "jonas::waiting" "6915"
"6916" "" "6916"
"6917" "" "6917"
"6918" "" "6918"
"6919" "" "6919"
"6920" "" "6920"
"6921" "" "6921"
"6922" "" "6922"
"6923" "" "6923"
"6924" "" "6924"
"6925" "" "6925"
"6926" "" "6926"
"6927" "" "6927"
"6928" "" "6928"
"6929" "" "6929"
"6930" "" "6930"
"6931" "" "6931"
"6932" "" "6932"
"6933" "" "6933"
"6934" "" "6934"
"6935" "pecksniff::wheel" "6935"
"6936" "" "6936"
"6937" "" "6937"
"6938" "" "6938"
"6939" "" "6939"
"6940" "" "6940"
"6941" "" "6941"
"6942" "" "6942"
"6943" "" "6943"
"6944" "" "6944"
"6945" "" "6945"
"6946" "" "6946"
"6947" "" "6947"
"6948" "" "6948"
"6949" "" "6949"
"6950" "" "6950"
"6951" "" "6951"
"6952" "" "6952"
"6953" "" "6953"
"6954" "" "6954"
"6955" "jonas::married" "6955"
"6956" "" "6956"
"6957" "" "6957"
"6958" "" "6958"
"6959" "" "6959"
"6960" "" "6960"
"6961" "" "6961"
"6962" "" "6962"
"6963" "mould::calm" "6963"
"6964" "mould::back, mould::legs, mould::open, mould::window" "6964"
"6965" "mould::guard" "6965"
"6966" "" "6966"
"6967" "" "6967"
"6968" "" "6968"
"6969" "" "6969"
"6970" "" "6970"
"6971" "mould::partner" "6971"
"6972" "mould::two" "6972"
"6973" "" "6973"
"6974" "" "6974"
"6975" "" "6975"
"6976" "" "6976"
"6977" "mould::daughter, mrs_mould::daughter" "6977"
"6978" "mould::large" "6978"
"6979" "" "6979"
"6980" "" "6980"
"6981" "" "6981"
"6982" "" "6982"
"6983" "" "6983"
"6984" "" "6984"
"6985" "" "6985"
"6986" "" "6986"
"6987" "" "6987"
"6988" "" "6988"
"6989" "" "6989"
"6990" "" "6990"
"6991" "" "6991"
"6992" "" "6992"
"6993" "" "6993"
"6994" "mould::legs" "6994"
"6995" "" "6995"
"6996" "" "6996"
"6997" "" "6997"
"6998" "" "6998"
"6999" "" "6999"
"7000" "" "7000"
"7001" "" "7001"
"7002" "" "7002"
"7003" "" "7003"
"7004" "" "7004"
"7005" "" "7005"
"7006" "" "7006"
"7007" "" "7007"
"7008" "tacker::little" "7008"
"7009" "" "7009"
"7010" "" "7010"
"7011" "" "7011"
"7012" "" "7012"
"7013" "tacker::little" "7013"
"7014" "" "7014"
"7015" "" "7015"
"7016" "" "7016"
"7017" "" "7017"
"7018" "" "7018"
"7019" "" "7019"
"7020" "" "7020"
"7021" "" "7021"
"7022" "" "7022"
"7023" "" "7023"
"7024" "" "7024"
"7025" "" "7025"
"7026" "" "7026"
"7027" "" "7027"
"7028" "" "7028"
"7029" "mrs_mould::time" "7029"
"7030" "" "7030"
"7031" "" "7031"
"7032" "pecksniff::scale" "7032"
"7033" "gamp::time, gamp::use, mrs_mould::time, mrs_mould::use" "7033"
"7034" "" "7034"
"7035" "" "7035"
"7036" "mrs_harris::use, mrs_mould::use" "7036"
"7037" "mrs_harris::name, sairey_gamp::name" "7037"
"7038" "" "7038"
"7039" "" "7039"
"7040" "" "7040"
"7041" "" "7041"
"7042" "" "7042"
"7043" "" "7043"
"7044" "" "7044"
"7045" "" "7045"
"7046" "" "7046"
"7047" "" "7047"
"7048" "mould::time, mrs_mould::time" "7048"
"7049" "" "7049"
"7050" "" "7050"
"7051" "" "7051"
"7052" "mrs_mould::time" "7052"
"7053" "" "7053"
"7054" "" "7054"
"7055" "" "7055"
"7056" "" "7056"
"7057" "" "7057"
"7058" "mrs_gamp::hand" "7058"
"7059" "" "7059"
"7060" "" "7060"
"7061" "mrs_harris::little, mrs_harris::name" "7061"
"7062" "" "7062"
"7063" "" "7063"
"7064" "" "7064"
"7065" "mrs_gamp::scientific" "7065"
"7066" "" "7066"
"7067" "" "7067"
"7068" "" "7068"
"7069" "" "7069"
"7070" "" "7070"
"7071" "mould::point, mrs_gamp::point" "7071"
"7072" "" "7072"
"7073" "" "7073"
"7074" "bartholomew::name, mr_mould::name" "7074"
"7075" "" "7075"
"7076" "mrs_gamp::boy" "7076"
"7077" "" "7077"
"7078" "" "7078"
"7079" "" "7079"
"7080" "mould::chin" "7080"
"7081" "" "7081"
"7082" "" "7082"
"7083" "" "7083"
"7084" "" "7084"
"7085" "" "7085"
"7086" "" "7086"
"7087" "" "7087"
"7088" "" "7088"
"7089" "" "7089"
"7090" "" "7090"
"7091" "" "7091"
"7092" "" "7092"
"7093" "" "7093"
"7094" "" "7094"
"7095" "" "7095"
"7096" "gamp::two, mrs_gamp::two" "7096"
"7097" "" "7097"
"7098" "" "7098"
"7099" "" "7099"
"7100" "mrs_gamp::can, mrs_gamp::guess" "7100"
"7101" "" "7101"
"7102" "mrs_mould::actually" "7102"
"7103" "" "7103"
"7104" "mrs_gamp::station" "7104"
"7105" "" "7105"
"7106" "" "7106"
"7107" "mould::little, mrs_mould::little" "7107"
"7108" "anthony_chuzzlewit::name, anthony_chuzzlewit::rest, mrs_gamp::name, mrs_gamp::rest" "7108"
"7109" "" "7109"
"7110" "anthony_chuzzlewit::comfortable, anthony_chuzzlewit::private, mrs_gamp::comfortable, mrs_gamp::private" "7110"
"7111" "anthony_chuzzlewit::yard, mrs_gamp::yard" "7111"
"7112" "mrs_gamp::first" "7112"
"7113" "" "7113"
"7114" "" "7114"
"7115" "" "7115"
"7116" "" "7116"
"7117" "" "7117"
"7118" "" "7118"
"7119" "" "7119"
"7120" "" "7120"
"7121" "lewsome::time" "7121"
"7122" "lewsome::week" "7122"
"7123" "lewsome::found, lewsome::name, lewsome::observe, lewsome::request" "7123"
"7124" "" "7124"
"7125" "" "7125"
"7126" "lewsome::rest, lewsome::time" "7126"
"7127" "john_westlock::little" "7127"
"7128" "" "7128"
"7129" "" "7129"
"7130" "" "7130"
"7131" "" "7131"
"7132" "john::can, john::condition" "7132"
"7133" "john::suggest" "7133"
"7134" "" "7134"
"7135" "" "7135"
"7136" "" "7136"
"7137" "" "7137"
"7138" "" "7138"
"7139" "" "7139"
"7140" "mrs_gamp::hand" "7140"
"7141" "" "7141"
"7142" "" "7142"
"7143" "" "7143"
"7144" "" "7144"
"7145" "" "7145"
"7146" "john::painful, mrs_gamp::painful" "7146"
"7147" "mrs_gamp::round" "7147"
"7148" "mrs_gamp::end" "7148"
"7149" "" "7149"
"7150" "mrs_gamp::large" "7150"
"7151" "mrs_gamp::#-fat" "7151"
"7152" "" "7152"
"7153" "" "7153"
"7154" "" "7154"
"7155" "" "7155"
"7156" "" "7156"
"7157" "" "7157"
"7158" "mrs_gamp::partner" "7158"
"7159" "" "7159"
"7160" "" "7160"
"7161" "" "7161"
"7162" "" "7162"
"7163" "" "7163"
"7164" "" "7164"
"7165" "" "7165"
"7166" "" "7166"
"7167" "mrs_gamp::end, mrs_gamp::open" "7167"
"7168" "mrs_gamp::round" "7168"
"7169" "gamp::little" "7169"
"7170" "" "7170"
"7171" "mrs_gamp::window" "7171"
"7172" "" "7172"
"7173" "" "7173"
"7174" "" "7174"
"7175" "" "7175"
"7176" "" "7176"
"7177" "" "7177"
"7178" "" "7178"
"7179" "mrs_gamp::marble" "7179"
"7180" "mrs_gamp::lovely" "7180"
"7181" "mrs_gamp::comfortable, mrs_gamp::little" "7181"
"7182" "mrs_gamp::time" "7182"
"7183" "mrs_gamp::little" "7183"
"7184" "" "7184"
"7185" "" "7185"
"7186" "tipper::love" "7186"
"7187" "" "7187"
"7188" "" "7188"
"7189" "mrs_gamp::can" "7189"
"7190" "mrs_gamp::warm" "7190"
"7191" "" "7191"
"7192" "" "7192"
"7193" "" "7193"
"7194" "" "7194"
"7195" "" "7195"
"7196" "" "7196"
"7197" "" "7197"
"7198" "" "7198"
"7199" "" "7199"
"7200" "" "7200"
"7201" "" "7201"
"7202" "" "7202"
"7203" "" "7203"
"7204" "" "7204"
"7205" "" "7205"
"7206" "" "7206"
"7207" "" "7207"
"7208" "" "7208"
"7209" "" "7209"
"7210" "" "7210"
"7211" "" "7211"
"7212" "" "7212"
"7213" "mrs_gamp::gigantic, mrs_gamp::wall" "7213"
"7214" "" "7214"
"7215" "" "7215"
"7216" "" "7216"
"7217" "" "7217"
"7218" "mrs_gamp::thought" "7218"
"7219" "" "7219"
"7220" "" "7220"
"7221" "" "7221"
"7222" "" "7222"
"7223" "" "7223"
"7224" "" "7224"
"7225" "" "7225"
"7226" "" "7226"
"7227" "" "7227"
"7228" "mrs_gamp::two" "7228"
"7229" "" "7229"
"7230" "" "7230"
"7231" "" "7231"
"7232" "" "7232"
"7233" "" "7233"
"7234" "" "7234"
"7235" "" "7235"
"7236" "" "7236"
"7237" "" "7237"
"7238" "" "7238"
"7239" "" "7239"
"7240" "" "7240"
"7241" "" "7241"
"7242" "mrs_gamp::hand" "7242"
"7243" "" "7243"
"7244" "" "7244"
"7245" "" "7245"
"7246" "" "7246"
"7247" "mrs_gamp::black" "7247"
"7248" "" "7248"
"7249" "mrs_gamp::time" "7249"
"7250" "" "7250"
"7251" "" "7251"
"7252" "" "7252"
"7253" "" "7253"
"7254" "" "7254"
"7255" "" "7255"
"7256" "" "7256"
"7257" "" "7257"
"7258" "mrs_gamp::warm" "7258"
"7259" "" "7259"
"7260" "" "7260"
"7261" "" "7261"
"7262" "" "7262"
"7263" "" "7263"
"7264" "" "7264"
"7265" "" "7265"
"7266" "" "7266"
"7267" "" "7267"
"7268" "" "7268"
"7269" "gamp::time, gamp::window" "7269"
"7270" "" "7270"
"7271" "" "7271"
"7272" "westlock::time" "7272"
"7273" "" "7273"
"7274" "" "7274"
"7275" "" "7275"
"7276" "" "7276"
"7277" "" "7277"
"7278" "" "7278"
"7279" "" "7279"
"7280" "" "7280"
"7281" "" "7281"
"7282" "" "7282"
"7283" "jobling::room" "7283"
"7284" "mrs_gamp::#-fear" "7284"
"7285" "" "7285"
"7286" "jobling::talk, mrs_gamp::talk, mrs_prig::talk" "7286"
"7287" "" "7287"
"7288" "" "7288"
"7289" "betsy_prig::birds, betsy_prig::hand, betsy_prig::scientific, betsy_prig::secret" "7289"
"7290" "" "7290"
"7291" "paul_sweedlepipe::name" "7291"
"7292" "" "7292"
"7293" "paul_sweedlepipe::private" "7293"
"7294" "" "7294"
"7295" "" "7295"
"7296" "" "7296"
"7297" "" "7297"
"7298" "" "7298"
"7299" "" "7299"
"7300" "" "7300"
"7301" "" "7301"
"7302" "" "7302"
"7303" "" "7303"
"7304" "" "7304"
"7305" "" "7305"
"7306" "" "7306"
"7307" "" "7307"
"7308" "" "7308"
"7309" "" "7309"
"7310" "" "7310"
"7311" "" "7311"
"7312" "" "7312"
"7313" "" "7313"
"7314" "" "7314"
"7315" "" "7315"
"7316" "" "7316"
"7317" "" "7317"
"7318" "" "7318"
"7319" "" "7319"
"7320" "" "7320"
"7321" "" "7321"
"7322" "" "7322"
"7323" "" "7323"
"7324" "" "7324"
"7325" "" "7325"
"7326" "" "7326"
"7327" "" "7327"
"7328" "" "7328"
"7329" "" "7329"
"7330" "" "7330"
"7331" "" "7331"
"7332" "" "7332"
"7333" "" "7333"
"7334" "" "7334"
"7335" "" "7335"
"7336" "" "7336"
"7337" "" "7337"
"7338" "" "7338"
"7339" "" "7339"
"7340" "" "7340"
"7341" "" "7341"
"7342" "" "7342"
"7343" "" "7343"
"7344" "" "7344"
"7345" "" "7345"
"7346" "" "7346"
"7347" "" "7347"
"7348" "" "7348"
"7349" "" "7349"
"7350" "" "7350"
"7351" "" "7351"
"7352" "" "7352"
"7353" "" "7353"
"7354" "" "7354"
"7355" "" "7355"
"7356" "" "7356"
"7357" "" "7357"
"7358" "bailey::two, capricorn::two" "7358"
"7359" "bailey::horse, bailey::red, capricorn::horse, capricorn::red" "7359"
"7360" "bailey::hang, bailey::red" "7360"
"7361" "" "7361"
"7362" "" "7362"
"7363" "" "7363"
"7364" "" "7364"
"7365" "" "7365"
"7366" "" "7366"
"7367" "" "7367"
"7368" "" "7368"
"7369" "" "7369"
"7370" "bailey::little" "7370"
"7371" "bailey::married" "7371"
"7372" "bailey::box, jonas_chuzzlewits::box, jonas::box" "7372"
"7373" "paul::name" "7373"
"7374" "" "7374"
"7375" "" "7375"
"7376" "" "7376"
"7377" "" "7377"
"7378" "paul_bailey::first" "7378"
"7379" "" "7379"
"7380" "" "7380"
"7381" "bailey::leg" "7381"
"7382" "" "7382"
"7383" "bailey::cloudy, bailey::natural, bailey::space, bailey::time" "7383"
"7384" "bailey::boy, bailey::thought" "7384"
"7385" "" "7385"
"7386" "" "7386"
"7387" "bailey::open" "7387"
"7388" "bailey::continue" "7388"
"7389" "bailey::tail" "7389"
"7390" "" "7390"
"7391" "jonas_chuzzlewit::known, jonas_chuzzlewit::two, paul::known, paul::two" "7391"
"7392" "" "7392"
"7393" "" "7393"
"7394" "" "7394"
"7395" "bailey::trouble" "7395"
"7396" "" "7396"
"7397" "" "7397"
"7398" "mrs_gamp::boy, sweedlepipe::boy" "7398"
"7399" "" "7399"
"7400" "" "7400"
"7401" "" "7401"
"7402" "bailey::name, gamp::name, mrs_chuzzlewit::name" "7402"
"7403" "" "7403"
"7404" "" "7404"
"7405" "" "7405"
"7406" "" "7406"
"7407" "" "7407"
"7408" "" "7408"
"7409" "" "7409"
"7410" "" "7410"
"7411" "" "7411"
"7412" "" "7412"
"7413" "" "7413"
"7414" "" "7414"
"7415" "jonas_jonas::little" "7415"
"7416" "" "7416"
"7417" "" "7417"
"7418" "" "7418"
"7419" "" "7419"
"7420" "" "7420"
"7421" "" "7421"
"7422" "" "7422"
"7423" "chuffey::time" "7423"
"7424" "jonas::can, jonas::round, mrs_gamp::can, mrs_gamp::round" "7424"
"7425" "" "7425"
"7426" "" "7426"
"7427" "" "7427"
"7428" "" "7428"
"7429" "" "7429"
"7430" "gamp::name" "7430"
"7431" "" "7431"
"7432" "mrs_gamp::room" "7432"
"7433" "bailey::present, gamp::present, martha::present" "7433"
"7434" "" "7434"
"7435" "" "7435"
"7436" "bailey::box, mrs_chuzzlewit::box, mrs_gamp::box, sweedlepipe::box" "7436"
"7437" "" "7437"
"7438" "mrs_jonas::room, mrs_jonas::strange" "7438"
"7439" "mrs_jonas::known" "7439"
"7440" "jonas::thought" "7440"
"7441" "" "7441"
"7442" "" "7442"
"7443" "" "7443"
"7444" "" "7444"
"7445" "" "7445"
"7446" "" "7446"
"7447" "" "7447"
"7448" "" "7448"
"7449" "" "7449"
"7450" "" "7450"
"7451" "" "7451"
"7452" "" "7452"
"7453" "" "7453"
"7454" "" "7454"
"7455" "" "7455"
"7456" "" "7456"
"7457" "" "7457"
"7458" "bailey::name, bailey::waiting, junior::name, junior::waiting" "7458"
"7459" "bailey::horse" "7459"
"7460" "bailey::green, bailey::mere" "7460"
"7461" "" "7461"
"7462" "" "7462"
"7463" "bailey::driving" "7463"
"7464" "bailey::unusual" "7464"
"7465" "" "7465"
"7466" "" "7466"
"7467" "" "7467"
"7468" "bailey::legs, bailey::two" "7468"
"7469" "bailey::iron, bailey::leg, bailey::little" "7469"
"7470" "bailey::peep, bailey::round" "7470"
"7471" "bailey::enthusiastic" "7471"
"7472" "" "7472"
"7473" "" "7473"
"7474" "" "7474"
"7475" "" "7475"
"7476" "bailey::name" "7476"
"7477" "montague_tigg::known, tigg_montague::known" "7477"
"7478" "" "7478"
"7479" "" "7479"
"7480" "" "7480"
"7481" "" "7481"
"7482" "" "7482"
"7483" "" "7483"
"7484" "" "7484"
"7485" "" "7485"
"7486" "" "7486"
"7487" "david::little" "7487"
"7488" "" "7488"
"7489" "montague::end, montague::thought, montague::time" "7489"
"7490" "david::thought" "7490"
"7491" "" "7491"
"7492" "" "7492"
"7493" "david::hope, montague::hope" "7493"
"7494" "" "7494"
"7495" "" "7495"
"7496" "" "7496"
"7497" "david::little" "7497"
"7498" "" "7498"
"7499" "" "7499"
"7500" "" "7500"
"7501" "" "7501"
"7502" "david::point, tigg::point" "7502"
"7503" "david::scale, tigg::scale" "7503"
"7504" "david::hand, tigg::hand" "7504"
"7505" "david::idea, tigg::idea" "7505"
"7506" "david::tickle" "7506"
"7507" "" "7507"
"7508" "" "7508"
"7509" "" "7509"
"7510" "" "7510"
"7511" "" "7511"
"7512" "" "7512"
"7513" "" "7513"
"7514" "" "7514"
"7515" "david::#-idea, tigg::#-idea" "7515"
"7516" "david::admit, david::calm, david::idea, david::large, david::money, david::scale, mr_tigg::admit, mr_tigg::calm, mr_tigg::idea, mr_tigg::large, mr_tigg::money, mr_tigg::scale" "7516"
"7517" "" "7517"
"7518" "" "7518"
"7519" "" "7519"
"7520" "" "7520"
"7521" "" "7521"
"7522" "" "7522"
"7523" "" "7523"
"7524" "" "7524"
"7525" "" "7525"
"7526" "" "7526"
"7527" "" "7527"
"7528" "" "7528"
"7529" "" "7529"
"7530" "" "7530"
"7531" "" "7531"
"7532" "david::station" "7532"
"7533" "" "7533"
"7534" "" "7534"
"7535" "" "7535"
"7536" "" "7536"
"7537" "" "7537"
"7538" "" "7538"
"7539" "" "7539"
"7540" "" "7540"
"7541" "" "7541"
"7542" "" "7542"
"7543" "" "7543"
"7544" "" "7544"
"7545" "david_crimple::can, esquire::can" "7545"
"7546" "david_crimple::name, esquire::name" "7546"
"7547" "" "7547"
"7548" "" "7548"
"7549" "" "7549"
"7550" "" "7550"
"7551" "" "7551"
"7552" "" "7552"
"7553" "" "7553"
"7554" "" "7554"
"7555" "" "7555"
"7556" "" "7556"
"7557" "" "7557"
"7558" "" "7558"
"7559" "" "7559"
"7560" "" "7560"
"7561" "" "7561"
"7562" "" "7562"
"7563" "tigg::time" "7563"
"7564" "" "7564"
"7565" "" "7565"
"7566" "esquire::clean, esquire::little, tigg_montague::clean, tigg_montague::little" "7566"
"7567" "" "7567"
"7568" "" "7568"
"7569" "" "7569"
"7570" "" "7570"
"7571" "" "7571"
"7572" "" "7572"
"7573" "" "7573"
"7574" "" "7574"
"7575" "" "7575"
"7576" "" "7576"
"7577" "" "7577"
"7578" "jobling::black, jobling::gold, montague::black, montague::gold" "7578"
"7579" "" "7579"
"7580" "" "7580"
"7581" "" "7581"
"7582" "" "7582"
"7583" "" "7583"
"7584" "" "7584"
"7585" "" "7585"
"7586" "" "7586"
"7587" "" "7587"
"7588" "" "7588"
"7589" "jobling::#-account" "7589"
"7590" "" "7590"
"7591" "" "7591"
"7592" "" "7592"
"7593" "montague::depend, montague::lunch, montague::point" "7593"
"7594" "" "7594"
"7595" "" "7595"
"7596" "crimple::back, crimple::leg, jobling::back, jobling::leg" "7596"
"7597" "" "7597"
"7598" "" "7598"
"7599" "" "7599"
"7600" "mr_montague::observe" "7600"
"7601" "crimple::leg" "7601"
"7602" "" "7602"
"7603" "" "7603"
"7604" "crimple::rest" "7604"
"7605" "" "7605"
"7606" "crimple::condition, crimple::leg" "7606"
"7607" "" "7607"
"7608" "" "7608"
"7609" "" "7609"
"7610" "" "7610"
"7611" "crimple::back, crimple::hand, crimple::stomach, crimple::two" "7611"
"7612" "" "7612"
"7613" "" "7613"
"7614" "" "7614"
"7615" "crimple::order" "7615"
"7616" "" "7616"
"7617" "" "7617"
"7618" "" "7618"
"7619" "" "7619"
"7620" "" "7620"
"7621" "" "7621"
"7622" "" "7622"
"7623" "crimple::stomach" "7623"
"7624" "" "7624"
"7625" "" "7625"
"7626" "" "7626"
"7627" "" "7627"
"7628" "" "7628"
"7629" "" "7629"
"7630" "jobling::gold" "7630"
"7631" "" "7631"
"7632" "jobling::warm" "7632"
"7633" "" "7633"
"7634" "" "7634"
"7635" "" "7635"
"7636" "" "7636"
"7637" "" "7637"
"7638" "" "7638"
"7639" "" "7639"
"7640" "" "7640"
"7641" "jobling::can" "7641"
"7642" "" "7642"
"7643" "jobling::can, jobling::first" "7643"
"7644" "" "7644"
"7645" "" "7645"
"7646" "" "7646"
"7647" "" "7647"
"7648" "" "7648"
"7649" "" "7649"
"7650" "" "7650"
"7651" "" "7651"
"7652" "" "7652"
"7653" "" "7653"
"7654" "" "7654"
"7655" "" "7655"
"7656" "crimple::lunch" "7656"
"7657" "" "7657"
"7658" "" "7658"
"7659" "" "7659"
"7660" "" "7660"
"7661" "" "7661"
"7662" "" "7662"
"7663" "" "7663"
"7664" "" "7664"
"7665" "" "7665"
"7666" "" "7666"
"7667" "" "7667"
"7668" "" "7668"
"7669" "" "7669"
"7670" "" "7670"
"7671" "" "7671"
"7672" "" "7672"
"7673" "" "7673"
"7674" "" "7674"
"7675" "tigg::name" "7675"
"7676" "" "7676"
"7677" "" "7677"
"7678" "" "7678"
"7679" "" "7679"
"7680" "" "7680"
"7681" "" "7681"
"7682" "" "7682"
"7683" "" "7683"
"7684" "" "7684"
"7685" "" "7685"
"7686" "" "7686"
"7687" "" "7687"
"7688" "" "7688"
"7689" "tigg::hand" "7689"
"7690" "" "7690"
"7691" "" "7691"
"7692" "" "7692"
"7693" "" "7693"
"7694" "" "7694"
"7695" "" "7695"
"7696" "" "7696"
"7697" "" "7697"
"7698" "" "7698"
"7699" "" "7699"
"7700" "" "7700"
"7701" "" "7701"
"7702" "" "7702"
"7703" "" "7703"
"7704" "" "7704"
"7705" "" "7705"
"7706" "" "7706"
"7707" "" "7707"
"7708" "" "7708"
"7709" "" "7709"
"7710" "" "7710"
"7711" "" "7711"
"7712" "" "7712"
"7713" "" "7713"
"7714" "" "7714"
"7715" "" "7715"
"7716" "" "7716"
"7717" "" "7717"
"7718" "" "7718"
"7719" "" "7719"
"7720" "" "7720"
"7721" "" "7721"
"7722" "" "7722"
"7723" "" "7723"
"7724" "" "7724"
"7725" "" "7725"
"7726" "" "7726"
"7727" "" "7727"
"7728" "" "7728"
"7729" "" "7729"
"7730" "" "7730"
"7731" "" "7731"
"7732" "jonas::first" "7732"
"7733" "" "7733"
"7734" "montague::position" "7734"
"7735" "jonas::first, jonas::legs, jonas::teeth, tigg::first, tigg::legs, tigg::teeth, tut::first, tut::legs, tut::teeth" "7735"
"7736" "" "7736"
"7737" "" "7737"
"7738" "" "7738"
"7739" "" "7739"
"7740" "" "7740"
"7741" "" "7741"
"7742" "" "7742"
"7743" "tigg::wine" "7743"
"7744" "" "7744"
"7745" "" "7745"
"7746" "jonas::back, jonas::hand, tigg::back, tigg::hand" "7746"
"7747" "" "7747"
"7748" "" "7748"
"7749" "" "7749"
"7750" "" "7750"
"7751" "tigg::can, tigg::meeting" "7751"
"7752" "jonas::can" "7752"
"7753" "jonas::talk" "7753"
"7754" "jonas::hand" "7754"
"7755" "" "7755"
"7756" "" "7756"
"7757" "" "7757"
"7758" "tigg::hand" "7758"
"7759" "jonas::#-use" "7759"
"7760" "tigg::present" "7760"
"7761" "" "7761"
"7762" "" "7762"
"7763" "" "7763"
"7764" "" "7764"
"7765" "" "7765"
"7766" "" "7766"
"7767" "" "7767"
"7768" "jonas::back, jonas::little" "7768"
"7769" "" "7769"
"7770" "" "7770"
"7771" "jonas::first, jonas::thought" "7771"
"7772" "" "7772"
"7773" "" "7773"
"7774" "" "7774"
"7775" "" "7775"
"7776" "" "7776"
"7777" "" "7777"
"7778" "" "7778"
"7779" "" "7779"
"7780" "jonas::private, montague::private" "7780"
"7781" "jonas::window, montague::window" "7781"
"7782" "" "7782"
"7783" "" "7783"
"7784" "" "7784"
"7785" "" "7785"
"7786" "" "7786"
"7787" "bailey::street, montague::street" "7787"
"7788" "" "7788"
"7789" "" "7789"
"7790" "" "7790"
"7791" "" "7791"
"7792" "" "7792"
"7793" "jonas::money" "7793"
"7794" "" "7794"
"7795" "" "7795"
"7796" "" "7796"
"7797" "" "7797"
"7798" "" "7798"
"7799" "" "7799"
"7800" "" "7800"
"7801" "" "7801"
"7802" "" "7802"
"7803" "" "7803"
"7804" "" "7804"
"7805" "" "7805"
"7806" "tigg::can, tigg::money" "7806"
"7807" "" "7807"
"7808" "" "7808"
"7809" "" "7809"
"7810" "" "7810"
"7811" "" "7811"
"7812" "" "7812"
"7813" "" "7813"
"7814" "" "7814"
"7815" "jonas::little" "7815"
"7816" "" "7816"
"7817" "" "7817"
"7818" "" "7818"
"7819" "" "7819"
"7820" "" "7820"
"7821" "" "7821"
"7822" "" "7822"
"7823" "" "7823"
"7824" "" "7824"
"7825" "" "7825"
"7826" "" "7826"
"7827" "" "7827"
"7828" "" "7828"
"7829" "" "7829"
"7830" "" "7830"
"7831" "" "7831"
"7832" "" "7832"
"7833" "" "7833"
"7834" "" "7834"
"7835" "" "7835"
"7836" "" "7836"
"7837" "" "7837"
"7838" "" "7838"
"7839" "" "7839"
"7840" "" "7840"
"7841" "jonas::vein" "7841"
"7842" "" "7842"
"7843" "" "7843"
"7844" "" "7844"
"7845" "jonas::doubtful" "7845"
"7846" "" "7846"
"7847" "" "7847"
"7848" "" "7848"
"7849" "" "7849"
"7850" "" "7850"
"7851" "" "7851"
"7852" "montague::first" "7852"
"7853" "" "7853"
"7854" "tigg_montague::money" "7854"
"7855" "" "7855"
"7856" "" "7856"
"7857" "" "7857"
"7858" "" "7858"
"7859" "" "7859"
"7860" "" "7860"
"7861" "" "7861"
"7862" "" "7862"
"7863" "" "7863"
"7864" "" "7864"
"7865" "" "7865"
"7866" "jonas::join" "7866"
"7867" "" "7867"
"7868" "montague::back" "7868"
"7869" "" "7869"
"7870" "" "7870"
"7871" "" "7871"
"7872" "" "7872"
"7873" "" "7873"
"7874" "" "7874"
"7875" "montague::plot" "7875"
"7876" "montague::week" "7876"
"7877" "montague::secret" "7877"
"7878" "" "7878"
"7879" "montague::secret" "7879"
"7880" "montague::secret" "7880"
"7881" "" "7881"
"7882" "montague::damp" "7882"
"7883" "" "7883"
"7884" "" "7884"
"7885" "montague::secret" "7885"
"7886" "montague::letters, montague::secret, montague::yellow" "7886"
"7887" "montague::money" "7887"
"7888" "montague::rest" "7888"
"7889" "jonas_chuzzlewit::name, montague::name, nadgett::name" "7889"
"7890" "" "7890"
"7891" "" "7891"
"7892" "mr_nadgett::name, nadgett::name" "7892"
"7893" "mr_nadgett::time, nadgett::time" "7893"
"7894" "mr_nadgett::found, mr_nadgett::full, nadgett::found, nadgett::full" "7894"
"7895" "mr_nadgett::bow, nadgett::bow" "7895"
"7896" "mr_nadgett::rest, nadgett::rest" "7896"
"7897" "" "7897"
"7898" "" "7898"
"7899" "jonas_chuzzlewit::open, mr_jonas_chuzzlewit::open" "7899"
"7900" "" "7900"
"7901" "" "7901"
"7902" "" "7902"
"7903" "" "7903"
"7904" "jonas::command, jonas::person" "7904"
"7905" "" "7905"
"7906" "montague::point, montague::shallow" "7906"
"7907" "" "7907"
"7908" "" "7908"
"7909" "" "7909"
"7910" "" "7910"
"7911" "bailey::dinner, bailey::hope, bailey::waiting, montague::dinner, montague::hope, montague::waiting" "7911"
"7912" "" "7912"
"7913" "" "7913"
"7914" "bailey::name" "7914"
"7915" "jonas::mute" "7915"
"7916" "bailey::mother, todgers::mother" "7916"
"7917" "" "7917"
"7918" "" "7918"
"7919" "" "7919"
"7920" "" "7920"
"7921" "montague::story" "7921"
"7922" "" "7922"
"7923" "jonas::two, montague::two" "7923"
"7924" "" "7924"
"7925" "" "7925"
"7926" "" "7926"
"7927" "" "7927"
"7928" "" "7928"
"7929" "" "7929"
"7930" "jonas::two, montague::two, wolf::two" "7930"
"7931" "" "7931"
"7932" "" "7932"
"7933" "" "7933"
"7934" "" "7934"
"7935" "" "7935"
"7936" "" "7936"
"7937" "" "7937"
"7938" "nobley::#-mute" "7938"
"7939" "" "7939"
"7940" "" "7940"
"7941" "" "7941"
"7942" "" "7942"
"7943" "" "7943"
"7944" "" "7944"
"7945" "" "7945"
"7946" "" "7946"
"7947" "" "7947"
"7948" "" "7948"
"7949" "" "7949"
"7950" "" "7950"
"7951" "" "7951"
"7952" "" "7952"
"7953" "" "7953"
"7954" "" "7954"
"7955" "" "7955"
"7956" "" "7956"
"7957" "" "7957"
"7958" "" "7958"
"7959" "" "7959"
"7960" "" "7960"
"7961" "" "7961"
"7962" "jonas::room" "7962"
"7963" "" "7963"
"7964" "" "7964"
"7965" "" "7965"
"7966" "" "7966"
"7967" "" "7967"
"7968" "" "7968"
"7969" "" "7969"
"7970" "" "7970"
"7971" "" "7971"
"7972" "" "7972"
"7973" "" "7973"
"7974" "" "7974"
"7975" "" "7975"
"7976" "" "7976"
"7977" "tigg::#-thought" "7977"
"7978" "" "7978"
"7979" "" "7979"
"7980" "" "7980"
"7981" "" "7981"
"7982" "" "7982"
"7983" "" "7983"
"7984" "" "7984"
"7985" "jonas::round" "7985"
"7986" "" "7986"
"7987" "" "7987"
"7988" "" "7988"
"7989" "" "7989"
"7990" "" "7990"
"7991" "jonas::join, tigg::join" "7991"
"7992" "" "7992"
"7993" "" "7993"
"7994" "" "7994"
"7995" "" "7995"
"7996" "" "7996"
"7997" "jonas::hope" "7997"
"7998" "" "7998"
"7999" "" "7999"
"8000" "" "8000"
"8001" "" "8001"
"8002" "chuzzlewit::little, jonas::little, pip::little" "8002"
"8003" "wolf::natural, wolf::two" "8003"
"8004" "" "8004"
"8005" "" "8005"
"8006" "" "8006"
"8007" "" "8007"
"8008" "" "8008"
"8009" "" "8009"
"8010" "" "8010"
"8011" "" "8011"
"8012" "" "8012"
"8013" "" "8013"
"8014" "" "8014"
"8015" "pip::name, viscount::name, wolf::name" "8015"
"8016" "" "8016"
"8017" "" "8017"
"8018" "" "8018"
"8019" "" "8019"
"8020" "" "8020"
"8021" "" "8021"
"8022" "" "8022"
"8023" "" "8023"
"8024" "" "8024"
"8025" "" "8025"
"8026" "" "8026"
"8027" "" "8027"
"8028" "" "8028"
"8029" "" "8029"
"8030" "" "8030"
"8031" "" "8031"
"8032" "" "8032"
"8033" "" "8033"
"8034" "" "8034"
"8035" "" "8035"
"8036" "pip::leg" "8036"
"8037" "jonas::full, pip::full" "8037"
"8038" "jonas::wine, wolf::wine" "8038"
"8039" "jonas::person, wolf::person" "8039"
"8040" "jonas::rest, jonas::thought" "8040"
"8041" "" "8041"
"8042" "tigg::doubtful" "8042"
"8043" "" "8043"
"8044" "tigg::two" "8044"
"8045" "" "8045"
"8046" "" "8046"
"8047" "" "8047"
"8048" "" "8048"
"8049" "" "8049"
"8050" "" "8050"
"8051" "jonas::two" "8051"
"8052" "" "8052"
"8053" "" "8053"
"8054" "" "8054"
"8055" "" "8055"
"8056" "" "8056"
"8057" "" "8057"
"8058" "" "8058"
"8059" "" "8059"
"8060" "" "8060"
"8061" "" "8061"
"8062" "" "8062"
"8063" "" "8063"
"8064" "" "8064"
"8065" "" "8065"
"8066" "" "8066"
"8067" "bailey::box" "8067"
"8068" "bailey::time" "8068"
"8069" "bailey::observe, bailey::window" "8069"
"8070" "bailey::back" "8070"
"8071" "" "8071"
"8072" "" "8072"
"8073" "" "8073"
"8074" "" "8074"
"8075" "" "8075"
"8076" "" "8076"
"8077" "" "8077"
"8078" "" "8078"
"8079" "" "8079"
"8080" "" "8080"
"8081" "" "8081"
"8082" "" "8082"
"8083" "" "8083"
"8084" "" "8084"
"8085" "" "8085"
"8086" "bailey::little" "8086"
"8087" "" "8087"
"8088" "" "8088"
"8089" "" "8089"
"8090" "" "8090"
"8091" "" "8091"
"8092" "" "8092"
"8093" "" "8093"
"8094" "" "8094"
"8095" "" "8095"
"8096" "" "8096"
"8097" "" "8097"
"8098" "" "8098"
"8099" "" "8099"
"8100" "bailey::person" "8100"
"8101" "bailey::first" "8101"
"8102" "bailey::first, jonas::first" "8102"
"8103" "" "8103"
"8104" "" "8104"
"8105" "" "8105"
"8106" "" "8106"
"8107" "" "8107"
"8108" "" "8108"
"8109" "" "8109"
"8110" "" "8110"
"8111" "bailey::dress" "8111"
"8112" "" "8112"
"8113" "" "8113"
"8114" "" "8114"
"8115" "bailey::boy" "8115"
"8116" "jonas::hand" "8116"
"8117" "" "8117"
"8118" "" "8118"
"8119" "" "8119"
"8120" "" "8120"
"8121" "" "8121"
"8122" "bailey::money" "8122"
"8123" "bailey::boy" "8123"
"8124" "" "8124"
"8125" "" "8125"
"8126" "" "8126"
"8127" "" "8127"
"8128" "" "8128"
"8129" "" "8129"
"8130" "" "8130"
"8131" "" "8131"
"8132" "" "8132"
"8133" "" "8133"
"8134" "jonas::thought" "8134"
"8135" "" "8135"
"8136" "" "8136"
"8137" "" "8137"
"8138" "" "8138"
"8139" "" "8139"
"8140" "" "8140"
"8141" "" "8141"
"8142" "" "8142"
"8143" "" "8143"
"8144" "" "8144"
"8145" "" "8145"
"8146" "" "8146"
"8147" "" "8147"
"8148" "" "8148"
"8149" "" "8149"
"8150" "" "8150"
"8151" "" "8151"
"8152" "" "8152"
"8153" "" "8153"
"8154" "" "8154"
"8155" "jonas::black" "8155"
"8156" "" "8156"
"8157" "" "8157"
"8158" "" "8158"
"8159" "" "8159"
"8160" "" "8160"
"8161" "jonas::story" "8161"
"8162" "" "8162"
"8163" "" "8163"
"8164" "" "8164"
"8165" "" "8165"
"8166" "" "8166"
"8167" "" "8167"
"8168" "" "8168"
"8169" "" "8169"
"8170" "" "8170"
"8171" "" "8171"
"8172" "" "8172"
"8173" "" "8173"
"8174" "" "8174"
"8175" "" "8175"
"8176" "" "8176"
"8177" "" "8177"
"8178" "" "8178"
"8179" "" "8179"
"8180" "" "8180"
"8181" "" "8181"
"8182" "" "8182"
"8183" "" "8183"
"8184" "" "8184"
"8185" "" "8185"
"8186" "bailey::little" "8186"
"8187" "" "8187"
"8188" "" "8188"
"8189" "" "8189"
"8190" "" "8190"
"8191" "" "8191"
"8192" "" "8192"
"8193" "bailey::thought, sairah::thought" "8193"
"8194" "bailey::fat" "8194"
"8195" "" "8195"
"8196" "" "8196"
"8197" "bailey::open, bailey::wall" "8197"
"8198" "bailey::chin, bailey::thought" "8198"
"8199" "" "8199"
"8200" "" "8200"
"8201" "" "8201"
"8202" "" "8202"
"8203" "" "8203"
"8204" "" "8204"
"8205" "bailey::round" "8205"
"8206" "" "8206"
"8207" "" "8207"
"8208" "" "8208"
"8209" "" "8209"
"8210" "bailey::touch" "8210"
"8211" "" "8211"
"8212" "" "8212"
"8213" "" "8213"
"8214" "bailey::detect" "8214"
"8215" "mr_bailey::back" "8215"
"8216" "mrs_gamp::ready" "8216"
"8217" "" "8217"
"8218" "" "8218"
"8219" "" "8219"
"8220" "" "8220"
"8221" "" "8221"
"8222" "bailey::mother" "8222"
"8223" "" "8223"
"8224" "" "8224"
"8225" "" "8225"
"8226" "" "8226"
"8227" "mrs_gamp::living" "8227"
"8228" "" "8228"
"8229" "" "8229"
"8230" "" "8230"
"8231" "" "8231"
"8232" "" "8232"
"8233" "" "8233"
"8234" "" "8234"
"8235" "" "8235"
"8236" "" "8236"
"8237" "" "8237"
"8238" "gill::#-wrong" "8238"
"8239" "moore::back, moore::name, mr_gill::back, mr_gill::name, mrs_harris::back, mrs_harris::name" "8239"
"8240" "" "8240"
"8241" "" "8241"
"8242" "mrs_harris::little" "8242"
"8243" "mrs_harris::round" "8243"
"8244" "" "8244"
"8245" "" "8245"
"8246" "" "8246"
"8247" "" "8247"
"8248" "" "8248"
"8249" "mrs_gamp::week" "8249"
"8250" "" "8250"
"8251" "" "8251"
"8252" "" "8252"
"8253" "" "8253"
"8254" "" "8254"
"8255" "" "8255"
"8256" "" "8256"
"8257" "mrs_gamp::#-cure" "8257"
"8258" "" "8258"
"8259" "mrs_gamp::talk, mrs_gamp::wrong" "8259"
"8260" "" "8260"
"8261" "" "8261"
"8262" "" "8262"
"8263" "" "8263"
"8264" "" "8264"
"8265" "mrs_gamp::round" "8265"
"8266" "" "8266"
"8267" "" "8267"
"8268" "" "8268"
"8269" "" "8269"
"8270" "" "8270"
"8271" "" "8271"
"8272" "" "8272"
"8273" "" "8273"
"8274" "" "8274"
"8275" "" "8275"
"8276" "" "8276"
"8277" "crimple::tip" "8277"
"8278" "" "8278"
"8279" "" "8279"
"8280" "" "8280"
"8281" "mrs_gamp::married" "8281"
"8282" "" "8282"
"8283" "" "8283"
"8284" "" "8284"
"8285" "" "8285"
"8286" "" "8286"
"8287" "" "8287"
"8288" "" "8288"
"8289" "" "8289"
"8290" "bailey::little, mrs_gamp::little" "8290"
"8291" "" "8291"
"8292" "mrs_gamp::room, mrs_gamp::yard" "8292"
"8293" "" "8293"
"8294" "mrs_gamp::large" "8294"
"8295" "" "8295"
"8296" "" "8296"
"8297" "" "8297"
"8298" "" "8298"
"8299" "" "8299"
"8300" "" "8300"
"8301" "" "8301"
"8302" "" "8302"
"8303" "" "8303"
"8304" "" "8304"
"8305" "" "8305"
"8306" "" "8306"
"8307" "gamp::little" "8307"
"8308" "" "8308"
"8309" "" "8309"
"8310" "" "8310"
"8311" "" "8311"
"8312" "" "8312"
"8313" "mrs_gamp::shirt" "8313"
"8314" "mrs_gamp::order, mrs_gamp::wrong" "8314"
"8315" "" "8315"
"8316" "" "8316"
"8317" "" "8317"
"8318" "" "8318"
"8319" "" "8319"
"8320" "" "8320"
"8321" "betsey::little" "8321"
"8322" "" "8322"
"8323" "john_westlock::end" "8323"
"8324" "" "8324"
"8325" "" "8325"
"8326" "" "8326"
"8327" "" "8327"
"8328" "" "8328"
"8329" "" "8329"
"8330" "" "8330"
"8331" "betsey_prig::can, gamp::can, john::can, mrs_gamp::can" "8331"
"8332" "" "8332"
"8333" "" "8333"
"8334" "" "8334"
"8335" "" "8335"
"8336" "" "8336"
"8337" "" "8337"
"8338" "" "8338"
"8339" "" "8339"
"8340" "" "8340"
"8341" "" "8341"
"8342" "" "8342"
"8343" "" "8343"
"8344" "" "8344"
"8345" "" "8345"
"8346" "" "8346"
"8347" "" "8347"
"8348" "betsey_prig::point, mrs_gamp::point" "8348"
"8349" "" "8349"
"8350" "" "8350"
"8351" "" "8351"
"8352" "" "8352"
"8353" "" "8353"
"8354" "" "8354"
"8355" "betsey_prig::open, john::open, mrs_gamp::open" "8355"
"8356" "" "8356"
"8357" "" "8357"
"8358" "mrs_gamp::near" "8358"
"8359" "" "8359"
"8360" "mrs_gamp::#-umbrella" "8360"
"8361" "" "8361"
"8362" "" "8362"
"8363" "" "8363"
"8364" "" "8364"
"8365" "mrs_gamp::reply" "8365"
"8366" "" "8366"
"8367" "" "8367"
"8368" "" "8368"
"8369" "" "8369"
"8370" "mould::thought, mrs_gamp::thought" "8370"
"8371" "" "8371"
"8372" "mrs_gamp::unusual" "8372"
"8373" "" "8373"
"8374" "" "8374"
"8375" "" "8375"
"8376" "" "8376"
"8377" "" "8377"
"8378" "mrs_gamp::thought, mrs_mould::thought" "8378"
"8379" "" "8379"
"8380" "mould::can" "8380"
"8381" "" "8381"
"8382" "" "8382"
"8383" "" "8383"
"8384" "" "8384"
"8385" "" "8385"
"8386" "" "8386"
"8387" "" "8387"
"8388" "" "8388"
"8389" "" "8389"
"8390" "" "8390"
"8391" "" "8391"
"8392" "" "8392"
"8393" "" "8393"
"8394" "" "8394"
"8395" "" "8395"
"8396" "" "8396"
"8397" "" "8397"
"8398" "" "8398"
"8399" "" "8399"
"8400" "mrs_mould::move" "8400"
"8401" "" "8401"
"8402" "" "8402"
"8403" "" "8403"
"8404" "" "8404"
"8405" "" "8405"
"8406" "" "8406"
"8407" "" "8407"
"8408" "" "8408"
"8409" "" "8409"
"8410" "mrs_mould::can, mrs_mould::hand" "8410"
"8411" "" "8411"
"8412" "" "8412"
"8413" "" "8413"
"8414" "" "8414"
"8415" "mrs_gamp::hand" "8415"
"8416" "" "8416"
"8417" "" "8417"
"8418" "" "8418"
"8419" "bailey::little, bailey::time, mrs_prig::little, mrs_prig::time" "8419"
"8420" "" "8420"
"8421" "nadgett::first, nadgett::history, nadgett::stem" "8421"
"8422" "pecksniff::daughter, pecksniff::first" "8422"
"8423" "" "8423"
"8424" "" "8424"
"8425" "" "8425"
"8426" "" "8426"
"8427" "" "8427"
"8428" "pecksniff::gentle" "8428"
"8429" "" "8429"
"8430" "" "8430"
"8431" "pecksniff::first" "8431"
"8432" "pecksniff::red" "8432"
"8433" "" "8433"
"8434" "" "8434"
"8435" "" "8435"
"8436" "" "8436"
"8437" "pecksniff::daughter, pecksniff::talk" "8437"
"8438" "" "8438"
"8439" "" "8439"
"8440" "" "8440"
"8441" "" "8441"
"8442" "" "8442"
"8443" "pecksniff::#-belong" "8443"
"8444" "" "8444"
"8445" "" "8445"
"8446" "" "8446"
"8447" "" "8447"
"8448" "" "8448"
"8449" "pecksniff::anger" "8449"
"8450" "" "8450"
"8451" "" "8451"
"8452" "" "8452"
"8453" "" "8453"
"8454" "" "8454"
"8455" "" "8455"
"8456" "pecksniff::daughter, pecksniff::laugh" "8456"
"8457" "" "8457"
"8458" "" "8458"
"8459" "" "8459"
"8460" "" "8460"
"8461" "" "8461"
"8462" "" "8462"
"8463" "" "8463"
"8464" "" "8464"
"8465" "" "8465"
"8466" "pecksniff::talk" "8466"
"8467" "" "8467"
"8468" "" "8468"
"8469" "" "8469"
"8470" "" "8470"
"8471" "" "8471"
"8472" "" "8472"
"8473" "" "8473"
"8474" "" "8474"
"8475" "" "8475"
"8476" "" "8476"
"8477" "cherry::work" "8477"
"8478" "" "8478"
"8479" "" "8479"
"8480" "" "8480"
"8481" "jonas::end, jonas::store, pecksniff::end, pecksniff::store" "8481"
"8482" "" "8482"
"8483" "" "8483"
"8484" "" "8484"
"8485" "" "8485"
"8486" "" "8486"
"8487" "" "8487"
"8488" "" "8488"
"8489" "" "8489"
"8490" "pecksniff::attempt" "8490"
"8491" "pecksniff::anger" "8491"
"8492" "pecksniff::little" "8492"
"8493" "" "8493"
"8494" "" "8494"
"8495" "" "8495"
"8496" "" "8496"
"8497" "cherry::hand" "8497"
"8498" "" "8498"
"8499" "cherry::room, pecksniff::room" "8499"
"8500" "pecksniff::enthusiastic" "8500"
"8501" "pecksniff::charge, pecksniff::temper" "8501"
"8502" "" "8502"
"8503" "" "8503"
"8504" "" "8504"
"8505" "" "8505"
"8506" "" "8506"
"8507" "" "8507"
"8508" "" "8508"
"8509" "" "8509"
"8510" "" "8510"
"8511" "" "8511"
"8512" "pecksniff::secret" "8512"
"8513" "pecksniff::first" "8513"
"8514" "" "8514"
"8515" "" "8515"
"8516" "" "8516"
"8517" "jonas::first, jonas::time, pecksniff::first, pecksniff::time" "8517"
"8518" "pecksniff::daughter, pecksniff::name" "8518"
"8519" "" "8519"
"8520" "" "8520"
"8521" "pecksniff::daughter" "8521"
"8522" "" "8522"
"8523" "" "8523"
"8524" "pecksniff::can" "8524"
"8525" "" "8525"
"8526" "" "8526"
"8527" "chuzzlewit::important" "8527"
"8528" "" "8528"
"8529" "pecksniff::time" "8529"
"8530" "" "8530"
"8531" "" "8531"
"8532" "" "8532"
"8533" "" "8533"
"8534" "" "8534"
"8535" "" "8535"
"8536" "" "8536"
"8537" "" "8537"
"8538" "" "8538"
"8539" "" "8539"
"8540" "" "8540"
"8541" "chuzzlewit::little, chuzzlewit::meeting, chuzzlewit::test, martin::little, martin::meeting, martin::test" "8541"
"8542" "mary_graham::thought, mary_graham::train, pecksniff::thought, pecksniff::train" "8542"
"8543" "" "8543"
"8544" "" "8544"
"8545" "" "8545"
"8546" "" "8546"
"8547" "" "8547"
"8548" "" "8548"
"8549" "" "8549"
"8550" "pecksniff::gentle, spoker::gentle" "8550"
"8551" "" "8551"
"8552" "" "8552"
"8553" "" "8553"
"8554" "" "8554"
"8555" "martin::hope, martin::thought, pecksniff::hope, pecksniff::thought" "8555"
"8556" "chuzzlewit::position, mary::position, pecksniff::position" "8556"
"8557" "" "8557"
"8558" "pecksniff::daughter" "8558"
"8559" "" "8559"
"8560" "" "8560"
"8561" "" "8561"
"8562" "" "8562"
"8563" "" "8563"
"8564" "" "8564"
"8565" "" "8565"
"8566" "" "8566"
"8567" "" "8567"
"8568" "" "8568"
"8569" "" "8569"
"8570" "" "8570"
"8571" "" "8571"
"8572" "" "8572"
"8573" "" "8573"
"8574" "" "8574"
"8575" "" "8575"
"8576" "" "8576"
"8577" "" "8577"
"8578" "" "8578"
"8579" "" "8579"
"8580" "" "8580"
"8581" "" "8581"
"8582" "" "8582"
"8583" "pecksniff::hope" "8583"
"8584" "" "8584"
"8585" "" "8585"
"8586" "" "8586"
"8587" "graham::hand, martin::hand, mr_chuzzlewit::hand, mrs_lupin::hand" "8587"
"8588" "" "8588"
"8589" "" "8589"
"8590" "" "8590"
"8591" "" "8591"
"8592" "" "8592"
"8593" "" "8593"
"8594" "" "8594"
"8595" "pecksniff::hand" "8595"
"8596" "" "8596"
"8597" "" "8597"
"8598" "" "8598"
"8599" "" "8599"
"8600" "" "8600"
"8601" "" "8601"
"8602" "" "8602"
"8603" "pecksniff::balance" "8603"
"8604" "" "8604"
"8605" "" "8605"
"8606" "" "8606"
"8607" "" "8607"
"8608" "" "8608"
"8609" "" "8609"
"8610" "" "8610"
"8611" "" "8611"
"8612" "" "8612"
"8613" "" "8613"
"8614" "" "8614"
"8615" "" "8615"
"8616" "" "8616"
"8617" "" "8617"
"8618" "" "8618"
"8619" "" "8619"
"8620" "pecksniff::position" "8620"
"8621" "" "8621"
"8622" "" "8622"
"8623" "" "8623"
"8624" "" "8624"
"8625" "" "8625"
"8626" "" "8626"
"8627" "" "8627"
"8628" "" "8628"
"8629" "" "8629"
"8630" "" "8630"
"8631" "" "8631"
"8632" "" "8632"
"8633" "" "8633"
"8634" "pecksniff::thought" "8634"
"8635" "" "8635"
"8636" "" "8636"
"8637" "" "8637"
"8638" "" "8638"
"8639" "pecksniff::time" "8639"
"8640" "" "8640"
"8641" "" "8641"
"8642" "" "8642"
"8643" "" "8643"
"8644" "" "8644"
"8645" "" "8645"
"8646" "" "8646"
"8647" "pecksniff::green" "8647"
"8648" "pecksniff::tranquil" "8648"
"8649" "" "8649"
"8650" "pecksniff::birds" "8650"
"8651" "pecksniff::trip" "8651"
"8652" "pecksniff::ahead" "8652"
"8653" "" "8653"
"8654" "" "8654"
"8655" "" "8655"
"8656" "pecksniff::round" "8656"
"8657" "pecksniff::hand" "8657"
"8658" "" "8658"
"8659" "" "8659"
"8660" "" "8660"
"8661" "" "8661"
"8662" "" "8662"
"8663" "" "8663"
"8664" "" "8664"
"8665" "" "8665"
"8666" "" "8666"
"8667" "" "8667"
"8668" "pecksniff::touch" "8668"
"8669" "" "8669"
"8670" "" "8670"
"8671" "" "8671"
"8672" "" "8672"
"8673" "mary::continue, mary::daughter, mary::object, mary::offend, pecksniff::continue, pecksniff::daughter, pecksniff::object, pecksniff::offend" "8673"
"8674" "" "8674"
"8675" "" "8675"
"8676" "" "8676"
"8677" "pecksniff::comfortable, pecksniff::hand, pecksniff::scale, pecksniff::time" "8677"
"8678" "" "8678"
"8679" "" "8679"
"8680" "" "8680"
"8681" "" "8681"
"8682" "" "8682"
"8683" "" "8683"
"8684" "" "8684"
"8685" "pecksniff::hand" "8685"
"8686" "" "8686"
"8687" "" "8687"
"8688" "" "8688"
"8689" "" "8689"
"8690" "" "8690"
"8691" "" "8691"
"8692" "" "8692"
"8693" "pecksniff::hand" "8693"
"8694" "" "8694"
"8695" "pecksniff::rest" "8695"
"8696" "" "8696"
"8697" "" "8697"
"8698" "" "8698"
"8699" "" "8699"
"8700" "" "8700"
"8701" "" "8701"
"8702" "" "8702"
"8703" "" "8703"
"8704" "" "8704"
"8705" "mary::back" "8705"
"8706" "" "8706"
"8707" "" "8707"
"8708" "" "8708"
"8709" "" "8709"
"8710" "" "8710"
"8711" "mary::move" "8711"
"8712" "mary::hand, pecksniff::hand" "8712"
"8713" "" "8713"
"8714" "" "8714"
"8715" "pecksniff::little" "8715"
"8716" "" "8716"
"8717" "" "8717"
"8718" "" "8718"
"8719" "" "8719"
"8720" "" "8720"
"8721" "" "8721"
"8722" "" "8722"
"8723" "" "8723"
"8724" "martin_chuzzlewits::anger, martin_chuzzlewits::two" "8724"
"8725" "" "8725"
"8726" "" "8726"
"8727" "" "8727"
"8728" "" "8728"
"8729" "pecksniff::sad" "8729"
"8730" "" "8730"
"8731" "" "8731"
"8732" "" "8732"
"8733" "" "8733"
"8734" "" "8734"
"8735" "" "8735"
"8736" "" "8736"
"8737" "" "8737"
"8738" "" "8738"
"8739" "" "8739"
"8740" "" "8740"
"8741" "" "8741"
"8742" "" "8742"
"8743" "" "8743"
"8744" "" "8744"
"8745" "" "8745"
"8746" "" "8746"
"8747" "" "8747"
"8748" "" "8748"
"8749" "" "8749"
"8750" "" "8750"
"8751" "" "8751"
"8752" "" "8752"
"8753" "" "8753"
"8754" "" "8754"
"8755" "pecksniff::#-reply, pecksniff::time" "8755"
"8756" "" "8756"
"8757" "" "8757"
"8758" "" "8758"
"8759" "pecksniff::large, pecksniff::shoes" "8759"
"8760" "pecksniff::hot, pecksniff::two" "8760"
"8761" "" "8761"
"8762" "" "8762"
"8763" "" "8763"
"8764" "" "8764"
"8765" "" "8765"
"8766" "mr_pinch::room, pecksniff::room, tom::room" "8766"
"8767" "" "8767"
"8768" "" "8768"
"8769" "" "8769"
"8770" "" "8770"
"8771" "pecksniff::married, tom::married" "8771"
"8772" "" "8772"
"8773" "" "8773"
"8774" "" "8774"
"8775" "" "8775"
"8776" "" "8776"
"8777" "cherry::married" "8777"
"8778" "" "8778"
"8779" "" "8779"
"8780" "" "8780"
"8781" "" "8781"
"8782" "" "8782"
"8783" "" "8783"
"8784" "mr_pinch::thought, tom::thought" "8784"
"8785" "" "8785"
"8786" "" "8786"
"8787" "" "8787"
"8788" "tom::two" "8788"
"8789" "" "8789"
"8790" "tom::time" "8790"
"8791" "" "8791"
"8792" "" "8792"
"8793" "pecksniff::week" "8793"
"8794" "tom_pinch::two" "8794"
"8795" "" "8795"
"8796" "" "8796"
"8797" "" "8797"
"8798" "" "8798"
"8799" "" "8799"
"8800" "" "8800"
"8801" "" "8801"
"8802" "" "8802"
"8803" "pecksniff::warm" "8803"
"8804" "" "8804"
"8805" "" "8805"
"8806" "" "8806"
"8807" "" "8807"
"8808" "" "8808"
"8809" "" "8809"
"8810" "pecksniff::comfortable, pecksniff::large, prayer-book::comfortable, prayer-book::large" "8810"
"8811" "pecksniff::determined, pecksniff::rest, prayer-book::determined, prayer-book::rest" "8811"
"8812" "tom::thought" "8812"
"8813" "tom::legs" "8813"
"8814" "" "8814"
"8815" "tom::little" "8815"
"8816" "" "8816"
"8817" "" "8817"
"8818" "" "8818"
"8819" "" "8819"
"8820" "tom::idea" "8820"
"8821" "" "8821"
"8822" "" "8822"
"8823" "" "8823"
"8824" "tom::broad" "8824"
"8825" "" "8825"
"8826" "" "8826"
"8827" "" "8827"
"8828" "" "8828"
"8829" "" "8829"
"8830" "" "8830"
"8831" "" "8831"
"8832" "" "8832"
"8833" "" "8833"
"8834" "martin::thought, mary::thought, tom::thought" "8834"
"8835" "" "8835"
"8836" "" "8836"
"8837" "" "8837"
"8838" "" "8838"
"8839" "" "8839"
"8840" "" "8840"
"8841" "tom::idea" "8841"
"8842" "" "8842"
"8843" "" "8843"
"8844" "tom::#-rule" "8844"
"8845" "mary::hand" "8845"
"8846" "martin::found" "8846"
"8847" "" "8847"
"8848" "" "8848"
"8849" "" "8849"
"8850" "" "8850"
"8851" "" "8851"
"8852" "" "8852"
"8853" "" "8853"
"8854" "" "8854"
"8855" "" "8855"
"8856" "" "8856"
"8857" "" "8857"
"8858" "" "8858"
"8859" "pecksniff::earth" "8859"
"8860" "" "8860"
"8861" "" "8861"
"8862" "" "8862"
"8863" "john_westlock::tail, john::tail, pecksniff::tail" "8863"
"8864" "john::time" "8864"
"8865" "mark_tapley::station, pecksniff::station, tom::station" "8865"
"8866" "" "8866"
"8867" "" "8867"
"8868" "" "8868"
"8869" "" "8869"
"8870" "" "8870"
"8871" "" "8871"
"8872" "" "8872"
"8873" "" "8873"
"8874" "" "8874"
"8875" "" "8875"
"8876" "" "8876"
"8877" "" "8877"
"8878" "" "8878"
"8879" "" "8879"
"8880" "" "8880"
"8881" "" "8881"
"8882" "" "8882"
"8883" "pecksniff::wire" "8883"
"8884" "" "8884"
"8885" "" "8885"
"8886" "" "8886"
"8887" "mary::lip, mary::person" "8887"
"8888" "tom::back" "8888"
"8889" "" "8889"
"8890" "" "8890"
"8891" "" "8891"
"8892" "" "8892"
"8893" "" "8893"
"8894" "" "8894"
"8895" "" "8895"
"8896" "" "8896"
"8897" "" "8897"
"8898" "mary::history, tom::history" "8898"
"8899" "" "8899"
"8900" "" "8900"
"8901" "mary::full" "8901"
"8902" "" "8902"
"8903" "" "8903"
"8904" "" "8904"
"8905" "martin::love, martin::wrong, mr_pinch::love, mr_pinch::wrong" "8905"
"8906" "tom::broad" "8906"
"8907" "tom::sense" "8907"
"8908" "tom::move" "8908"
"8909" "" "8909"
"8910" "martin::hope, martin::store" "8910"
"8911" "martin::first, martin::loved" "8911"
"8912" "tom::name" "8912"
"8913" "" "8913"
"8914" "tom::account" "8914"
"8915" "tom::full" "8915"
"8916" "" "8916"
"8917" "" "8917"
"8918" "" "8918"
"8919" "" "8919"
"8920" "" "8920"
"8921" "" "8921"
"8922" "" "8922"
"8923" "" "8923"
"8924" "" "8924"
"8925" "pecksniff::curious, tom::curious" "8925"
"8926" "tom::time, tom::work" "8926"
"8927" "" "8927"
"8928" "" "8928"
"8929" "" "8929"
"8930" "" "8930"
"8931" "" "8931"
"8932" "tom::lock" "8932"
"8933" "" "8933"
"8934" "pecksniff::back, tom::back" "8934"
"8935" "pecksniff::near, pecksniff::window, tom::near, tom::window" "8935"
"8936" "" "8936"
"8937" "" "8937"
"8938" "" "8938"
"8939" "" "8939"
"8940" "pecksniff::back" "8940"
"8941" "pecksniff::window" "8941"
"8942" "" "8942"
"8943" "" "8943"
"8944" "" "8944"
"8945" "" "8945"
"8946" "" "8946"
"8947" "" "8947"
"8948" "" "8948"
"8949" "" "8949"
"8950" "" "8950"
"8951" "" "8951"
"8952" "" "8952"
"8953" "" "8953"
"8954" "" "8954"
"8955" "" "8955"
"8956" "" "8956"
"8957" "" "8957"
"8958" "" "8958"
"8959" "" "8959"
"8960" "" "8960"
"8961" "" "8961"
"8962" "" "8962"
"8963" "" "8963"
"8964" "" "8964"
"8965" "" "8965"
"8966" "" "8966"
"8967" "pecksniff::point" "8967"
"8968" "" "8968"
"8969" "mr_chuzzlewit::book, thomas_pinch::book" "8969"
"8970" "" "8970"
"8971" "" "8971"
"8972" "" "8972"
"8973" "" "8973"
"8974" "" "8974"
"8975" "" "8975"
"8976" "" "8976"
"8977" "" "8977"
"8978" "martin::#-excuse, martin::hope" "8978"
"8979" "" "8979"
"8980" "" "8980"
"8981" "" "8981"
"8982" "" "8982"
"8983" "pecksniff::terrify" "8983"
"8984" "" "8984"
"8985" "" "8985"
"8986" "" "8986"
"8987" "" "8987"
"8988" "" "8988"
"8989" "" "8989"
"8990" "" "8990"
"8991" "" "8991"
"8992" "" "8992"
"8993" "" "8993"
"8994" "mr_pinch::two" "8994"
"8995" "mr_pinch::back" "8995"
"8996" "tom::earth" "8996"
"8997" "" "8997"
"8998" "" "8998"
"8999" "" "8999"
"9000" "" "9000"
"9001" "" "9001"
"9002" "" "9002"
"9003" "" "9003"
"9004" "" "9004"
"9005" "" "9005"
"9006" "pecksniff::back, tom::back" "9006"
"9007" "" "9007"
"9008" "mary::room, pecksniff::room" "9008"
"9009" "pecksniff::back, pecksniff::found, pecksniff::window, tom::back, tom::found, tom::window" "9009"
"9010" "" "9010"
"9011" "" "9011"
"9012" "" "9012"
"9013" "" "9013"
"9014" "" "9014"
"9015" "" "9015"
"9016" "" "9016"
"9017" "" "9017"
"9018" "" "9018"
"9019" "" "9019"
"9020" "" "9020"
"9021" "" "9021"
"9022" "pecksniff::spare, tom::spare" "9022"
"9023" "" "9023"
"9024" "pecksniff::present" "9024"
"9025" "" "9025"
"9026" "" "9026"
"9027" "" "9027"
"9028" "graham::distance, mr_pinch::distance, pecksniff::distance, tom::distance" "9028"
"9029" "pecksniff::two" "9029"
"9030" "" "9030"
"9031" "" "9031"
"9032" "" "9032"
"9033" "" "9033"
"9034" "" "9034"
"9035" "" "9035"
"9036" "" "9036"
"9037" "pecksniff::end" "9037"
"9038" "" "9038"
"9039" "" "9039"
"9040" "" "9040"
"9041" "" "9041"
"9042" "" "9042"
"9043" "" "9043"
"9044" "tom::gentle, tom::name" "9044"
"9045" "" "9045"
"9046" "" "9046"
"9047" "" "9047"
"9048" "" "9048"
"9049" "" "9049"
"9050" "" "9050"
"9051" "mr_pinch::hope, mr_pinch::use" "9051"
"9052" "" "9052"
"9053" "" "9053"
"9054" "tom::little, tom::spare" "9054"
"9055" "" "9055"
"9056" "" "9056"
"9057" "" "9057"
"9058" "" "9058"
"9059" "tom::found" "9059"
"9060" "" "9060"
"9061" "" "9061"
"9062" "" "9062"
"9063" "tom::found" "9063"
"9064" "" "9064"
"9065" "tom::room" "9065"
"9066" "" "9066"
"9067" "" "9067"
"9068" "" "9068"
"9069" "" "9069"
"9070" "" "9070"
"9071" "" "9071"
"9072" "" "9072"
"9073" "tom::room" "9073"
"9074" "tom::first" "9074"
"9075" "" "9075"
"9076" "tom::fat" "9076"
"9077" "" "9077"
"9078" "tom::time" "9078"
"9079" "" "9079"
"9080" "" "9080"
"9081" "pecksniff::private, pecksniff::room, pecksniff::winter" "9081"
"9082" "pecksniff::room" "9082"
"9083" "" "9083"
"9084" "" "9084"
"9085" "tom::bow" "9085"
"9086" "tom::mere" "9086"
"9087" "" "9087"
"9088" "" "9088"
"9089" "jane::hand, tom::hand" "9089"
"9090" "" "9090"
"9091" "" "9091"
"9092" "" "9092"
"9093" "" "9093"
"9094" "" "9094"
"9095" "" "9095"
"9096" "" "9096"
"9097" "" "9097"
"9098" "" "9098"
"9099" "" "9099"
"9100" "" "9100"
"9101" "" "9101"
"9102" "" "9102"
"9103" "" "9103"
"9104" "" "9104"
"9105" "mrs_lupin::hand, mrs_lupin::sigh, pecksniff::hand, pecksniff::sigh, tom::hand, tom::sigh" "9105"
"9106" "" "9106"
"9107" "" "9107"
"9108" "" "9108"
"9109" "" "9109"
"9110" "" "9110"
"9111" "tom::thought, tom::time" "9111"
"9112" "" "9112"
"9113" "" "9113"
"9114" "pecksniff::little, pecksniff::two" "9114"
"9115" "" "9115"
"9116" "" "9116"
"9117" "" "9117"
"9118" "tom::order, tom::suggest" "9118"
"9119" "" "9119"
"9120" "pecksniff::legs" "9120"
"9121" "pecksniff::thought" "9121"
"9122" "" "9122"
"9123" "" "9123"
"9124" "" "9124"
"9125" "" "9125"
"9126" "" "9126"
"9127" "pecksniff::legs, pecksniff::round" "9127"
"9128" "" "9128"
"9129" "" "9129"
"9130" "" "9130"
"9131" "" "9131"
"9132" "" "9132"
"9133" "" "9133"
"9134" "" "9134"
"9135" "" "9135"
"9136" "" "9136"
"9137" "" "9137"
"9138" "" "9138"
"9139" "" "9139"
"9140" "" "9140"
"9141" "tom::position" "9141"
"9142" "" "9142"
"9143" "" "9143"
"9144" "" "9144"
"9145" "m._todgers::little" "9145"
"9146" "" "9146"
"9147" "" "9147"
"9148" "" "9148"
"9149" "" "9149"
"9150" "pecksniff::object, pecksniff::wicked" "9150"
"9151" "mrs_todgers::thought" "9151"
"9152" "pecksniff::thought" "9152"
"9153" "" "9153"
"9154" "" "9154"
"9155" "" "9155"
"9156" "" "9156"
"9157" "lor::match, pecksniff::match" "9157"
"9158" "" "9158"
"9159" "" "9159"
"9160" "cherry::dinner, cherry::pie, mrs_todgers::dinner, mrs_todgers::pie" "9160"
"9161" "cherry::room, mrs_todgers::room" "9161"
"9162" "" "9162"
"9163" "mrs_todgers::thought" "9163"
"9164" "" "9164"
"9165" "" "9165"
"9166" "" "9166"
"9167" "" "9167"
"9168" "jinkins::hope, jinkins::little, pecksniff::hope, pecksniff::little" "9168"
"9169" "" "9169"
"9170" "" "9170"
"9171" "mrs_todgers::can" "9171"
"9172" "" "9172"
"9173" "mrs_todgers::female" "9173"
"9174" "mrs_todgers::fear" "9174"
"9175" "" "9175"
"9176" "" "9176"
"9177" "" "9177"
"9178" "" "9178"
"9179" "" "9179"
"9180" "" "9180"
"9181" "mrs_todgers::female" "9181"
"9182" "mrs_todgers::letters, mrs_todgers::private" "9182"
"9183" "mrs_todgers::little" "9183"
"9184" "mrs_todgers::street" "9184"
"9185" "" "9185"
"9186" "" "9186"
"9187" "" "9187"
"9188" "" "9188"
"9189" "" "9189"
"9190" "" "9190"
"9191" "moddle::name" "9191"
"9192" "pecksniff::first, pecksniff::married" "9192"
"9193" "" "9193"
"9194" "" "9194"
"9195" "mrs_todgers::little" "9195"
"9196" "mrs_todgers::time" "9196"
"9197" "" "9197"
"9198" "" "9198"
"9199" "" "9199"
"9200" "" "9200"
"9201" "" "9201"
"9202" "moddle::time" "9202"
"9203" "" "9203"
"9204" "" "9204"
"9205" "" "9205"
"9206" "mrs_todgers::round" "9206"
"9207" "" "9207"
"9208" "" "9208"
"9209" "" "9209"
"9210" "moddle::thought" "9210"
"9211" "" "9211"
"9212" "pecksniff::hand" "9212"
"9213" "moddle::idea, mrs_moddle::idea, pecksniff::idea" "9213"
"9214" "" "9214"
"9215" "" "9215"
"9216" "" "9216"
"9217" "" "9217"
"9218" "" "9218"
"9219" "" "9219"
"9220" "" "9220"
"9221" "" "9221"
"9222" "jinkins::letters, mrs_todgers::letters" "9222"
"9223" "" "9223"
"9224" "mrs_todgers::depend, pecksniff::depend" "9224"
"9225" "" "9225"
"9226" "" "9226"
"9227" "" "9227"
"9228" "" "9228"
"9229" "" "9229"
"9230" "" "9230"
"9231" "" "9231"
"9232" "" "9232"
"9233" "" "9233"
"9234" "moddle::depend, moddle::little, pecksniff::depend, pecksniff::little" "9234"
"9235" "" "9235"
"9236" "" "9236"
"9237" "" "9237"
"9238" "" "9238"
"9239" "" "9239"
"9240" "" "9240"
"9241" "" "9241"
"9242" "" "9242"
"9243" "pecksniff::position, pecksniff::round" "9243"
"9244" "" "9244"
"9245" "" "9245"
"9246" "moddle::talk" "9246"
"9247" "moddle::admit" "9247"
"9248" "moddle::time, pecksniff::time" "9248"
"9249" "" "9249"
"9250" "" "9250"
"9251" "moddle::known, pecksniff::known" "9251"
"9252" "" "9252"
"9253" "" "9253"
"9254" "" "9254"
"9255" "eden::natural, martin::natural" "9255"
"9256" "moddle::known, moddle::living, moddle::love, pecksniff::known, pecksniff::living, pecksniff::love" "9256"
"9257" "" "9257"
"9258" "" "9258"
"9259" "" "9259"
"9260" "" "9260"
"9261" "" "9261"
"9262" "tapley::partner" "9262"
"9263" "tapley::legs" "9263"
"9264" "tapley::school" "9264"
"9265" "" "9265"
"9266" "" "9266"
"9267" "" "9267"
"9268" "" "9268"
"9269" "" "9269"
"9270" "" "9270"
"9271" "" "9271"
"9272" "" "9272"
"9273" "" "9273"
"9274" "" "9274"
"9275" "" "9275"
"9276" "" "9276"
"9277" "" "9277"
"9278" "" "9278"
"9279" "" "9279"
"9280" "" "9280"
"9281" "" "9281"
"9282" "" "9282"
"9283" "mark::little" "9283"
"9284" "mark::familiar, mark::two" "9284"
"9285" "" "9285"
"9286" "" "9286"
"9287" "" "9287"
"9288" "" "9288"
"9289" "" "9289"
"9290" "" "9290"
"9291" "" "9291"
"9292" "" "9292"
"9293" "" "9293"
"9294" "" "9294"
"9295" "" "9295"
"9296" "" "9296"
"9297" "" "9297"
"9298" "" "9298"
"9299" "" "9299"
"9300" "" "9300"
"9301" "" "9301"
"9302" "" "9302"
"9303" "mark_tapley::talk" "9303"
"9304" "mark_tapley::hope, mark_tapley::little, mark_tapley::mother" "9304"
"9305" "mark_tapley::damp" "9305"
"9306" "" "9306"
"9307" "" "9307"
"9308" "" "9308"
"9309" "" "9309"
"9310" "" "9310"
"9311" "" "9311"
"9312" "" "9312"
"9313" "" "9313"
"9314" "" "9314"
"9315" "" "9315"
"9316" "" "9316"
"9317" "" "9317"
"9318" "" "9318"
"9319" "" "9319"
"9320" "mark_tapley::request" "9320"
"9321" "" "9321"
"9322" "" "9322"
"9323" "martin::found" "9323"
"9324" "martin::cold" "9324"
"9325" "" "9325"
"9326" "mark::known" "9326"
"9327" "mark::thought" "9327"
"9328" "" "9328"
"9329" "mark::experience, mark::sad, martin::experience, martin::sad" "9329"
"9330" "" "9330"
"9331" "mark::future" "9331"
"9332" "" "9332"
"9333" "" "9333"
"9334" "mark::land, martin::land" "9334"
"9335" "mark::condition, mark::hope, mark::steady, martin::condition, martin::hope, martin::steady" "9335"
"9336" "martin::work" "9336"
"9337" "" "9337"
"9338" "" "9338"
"9339" "" "9339"
"9340" "" "9340"
"9341" "" "9341"
"9342" "" "9342"
"9343" "" "9343"
"9344" "" "9344"
"9345" "" "9345"
"9346" "" "9346"
"9347" "" "9347"
"9348" "" "9348"
"9349" "" "9349"
"9350" "" "9350"
"9351" "" "9351"
"9352" "" "9352"
"9353" "" "9353"
"9354" "" "9354"
"9355" "" "9355"
"9356" "tapley::little" "9356"
"9357" "" "9357"
"9358" "" "9358"
"9359" "" "9359"
"9360" "" "9360"
"9361" "" "9361"
"9362" "" "9362"
"9363" "" "9363"
"9364" "" "9364"
"9365" "" "9365"
"9366" "" "9366"
"9367" "mark::black" "9367"
"9368" "" "9368"
"9369" "" "9369"
"9370" "" "9370"
"9371" "" "9371"
"9372" "" "9372"
"9373" "" "9373"
"9374" "" "9374"
"9375" "hannibal::can" "9375"
"9376" "chollop::hope, mark::hope" "9376"
"9377" "" "9377"
"9378" "" "9378"
"9379" "" "9379"
"9380" "" "9380"
"9381" "" "9381"
"9382" "" "9382"
"9383" "chollop::pipe, chollop::time" "9383"
"9384" "" "9384"
"9385" "" "9385"
"9386" "chollop::little, mark::little" "9386"
"9387" "" "9387"
"9388" "" "9388"
"9389" "" "9389"
"9390" "" "9390"
"9391" "" "9391"
"9392" "" "9392"
"9393" "" "9393"
"9394" "" "9394"
"9395" "chollop::person" "9395"
"9396" "" "9396"
"9397" "" "9397"
"9398" "chollop::stomach" "9398"
"9399" "" "9399"
"9400" "" "9400"
"9401" "" "9401"
"9402" "" "9402"
"9403" "" "9403"
"9404" "eden::person" "9404"
"9405" "" "9405"
"9406" "chollop::little, mark::little" "9406"
"9407" "mark::thought" "9407"
"9408" "" "9408"
"9409" "" "9409"
"9410" "" "9410"
"9411" "chollop::present" "9411"
"9412" "" "9412"
"9413" "" "9413"
"9414" "" "9414"
"9415" "" "9415"
"9416" "" "9416"
"9417" "" "9417"
"9418" "mark_chollop::window" "9418"
"9419" "" "9419"
"9420" "" "9420"
"9421" "" "9421"
"9422" "" "9422"
"9423" "" "9423"
"9424" "" "9424"
"9425" "" "9425"
"9426" "" "9426"
"9427" "" "9427"
"9428" "" "9428"
"9429" "" "9429"
"9430" "" "9430"
"9431" "" "9431"
"9432" "" "9432"
"9433" "" "9433"
"9434" "" "9434"
"9435" "" "9435"
"9436" "chollop::hope" "9436"
"9437" "" "9437"
"9438" "" "9438"
"9439" "" "9439"
"9440" "" "9440"
"9441" "" "9441"
"9442" "" "9442"
"9443" "" "9443"
"9444" "" "9444"
"9445" "hannibal_chollop::full, hannibal_chollop::two" "9445"
"9446" "" "9446"
"9447" "" "9447"
"9448" "" "9448"
"9449" "" "9449"
"9450" "" "9450"
"9451" "" "9451"
"9452" "" "9452"
"9453" "" "9453"
"9454" "" "9454"
"9455" "" "9455"
"9456" "" "9456"
"9457" "" "9457"
"9458" "" "9458"
"9459" "" "9459"
"9460" "" "9460"
"9461" "" "9461"
"9462" "" "9462"
"9463" "" "9463"
"9464" "" "9464"
"9465" "chollop::ready" "9465"
"9466" "" "9466"
"9467" "" "9467"
"9468" "" "9468"
"9469" "martin::near" "9469"
"9470" "mark::time" "9470"
"9471" "mark::living" "9471"
"9472" "martin::thought" "9472"
"9473" "martin::hand" "9473"
"9474" "mark::move, martin::move" "9474"
"9475" "mark::condition, martin::condition" "9475"
"9476" "" "9476"
"9477" "" "9477"
"9478" "mark::back, mark::present" "9478"
"9479" "martin::known" "9479"
"9480" "" "9480"
"9481" "martin::fancy, martin::work, mrs_lupin::fancy, mrs_lupin::work, tapley::fancy, tapley::work, tom_pinch::fancy, tom_pinch::work" "9481"
"9482" "" "9482"
"9483" "mark::full, martin::full, tapley::full" "9483"
"9484" "" "9484"
"9485" "" "9485"
"9486" "tom_pinch::first, tom::first" "9486"
"9487" "martin::found" "9487"
"9488" "" "9488"
"9489" "martin::thought" "9489"
"9490" "" "9490"
"9491" "martin::#-known" "9491"
"9492" "" "9492"
"9493" "martin::#-known" "9493"
"9494" "mark::escape, mark::natural" "9494"
"9495" "" "9495"
"9496" "" "9496"
"9497" "" "9497"
"9498" "mark::little" "9498"
"9499" "" "9499"
"9500" "eden::school" "9500"
"9501" "eden::point" "9501"
"9502" "" "9502"
"9503" "" "9503"
"9504" "" "9504"
"9505" "" "9505"
"9506" "mark::time" "9506"
"9507" "" "9507"
"9508" "" "9508"
"9509" "" "9509"
"9510" "" "9510"
"9511" "" "9511"
"9512" "" "9512"
"9513" "" "9513"
"9514" "" "9514"
"9515" "" "9515"
"9516" "" "9516"
"9517" "martin::money" "9517"
"9518" "" "9518"
"9519" "tapley::hope, tapley::money" "9519"
"9520" "" "9520"
"9521" "" "9521"
"9522" "" "9522"
"9523" "" "9523"
"9524" "eden::first, mark::first, tapley::first" "9524"
"9525" "" "9525"
"9526" "" "9526"
"9527" "" "9527"
"9528" "" "9528"
"9529" "esau_slodge::week" "9529"
"9530" "esau_slodge::safe, esau_slodge::waiting" "9530"
"9531" "" "9531"
"9532" "" "9532"
"9533" "mark::idea, mark::mere, mark::natural, martin::idea, martin::mere, martin::natural" "9533"
"9534" "" "9534"
"9535" "mark::familiar, mark::hope, martin::familiar, martin::hope" "9535"
"9536" "" "9536"
"9537" "mark_tapley::thought, martin::thought" "9537"
"9538" "" "9538"
"9539" "" "9539"
"9540" "" "9540"
"9541" "" "9541"
"9542" "" "9542"
"9543" "" "9543"
"9544" "" "9544"
"9545" "" "9545"
"9546" "martin::little" "9546"
"9547" "" "9547"
"9548" "" "9548"
"9549" "" "9549"
"9550" "" "9550"
"9551" "" "9551"
"9552" "mark::sigh" "9552"
"9553" "" "9553"
"9554" "" "9554"
"9555" "mark::reply, martin::reply" "9555"
"9556" "" "9556"
"9557" "" "9557"
"9558" "" "9558"
"9559" "" "9559"
"9560" "" "9560"
"9561" "" "9561"
"9562" "mark::secret, martin::secret" "9562"
"9563" "" "9563"
"9564" "" "9564"
"9565" "" "9565"
"9566" "" "9566"
"9567" "" "9567"
"9568" "" "9568"
"9569" "" "9569"
"9570" "" "9570"
"9571" "" "9571"
"9572" "" "9572"
"9573" "" "9573"
"9574" "" "9574"
"9575" "" "9575"
"9576" "tapley::round, tapley::thought" "9576"
"9577" "" "9577"
"9578" "" "9578"
"9579" "" "9579"
"9580" "" "9580"
"9581" "" "9581"
"9582" "" "9582"
"9583" "" "9583"
"9584" "" "9584"
"9585" "" "9585"
"9586" "" "9586"
"9587" "mark::waiting" "9587"
"9588" "" "9588"
"9589" "" "9589"
"9590" "" "9590"
"9591" "" "9591"
"9592" "" "9592"
"9593" "" "9593"
"9594" "" "9594"
"9595" "" "9595"
"9596" "" "9596"
"9597" "" "9597"
"9598" "" "9598"
"9599" "martin::hand, martin::two" "9599"
"9600" "" "9600"
"9601" "" "9601"
"9602" "" "9602"
"9603" "" "9603"
"9604" "" "9604"
"9605" "" "9605"
"9606" "" "9606"
"9607" "" "9607"
"9608" "" "9608"
"9609" "" "9609"
"9610" "" "9610"
"9611" "" "9611"
"9612" "" "9612"
"9613" "" "9613"
"9614" "" "9614"
"9615" "martin::thought" "9615"
"9616" "" "9616"
"9617" "" "9617"
"9618" "" "9618"
"9619" "" "9619"
"9620" "elijah_pogram::umbrella" "9620"
"9621" "" "9621"
"9622" "" "9622"
"9623" "" "9623"
"9624" "" "9624"
"9625" "" "9625"
"9626" "" "9626"
"9627" "" "9627"
"9628" "" "9628"
"9629" "" "9629"
"9630" "" "9630"
"9631" "" "9631"
"9632" "martin::sign" "9632"
"9633" "" "9633"
"9634" "" "9634"
"9635" "" "9635"
"9636" "" "9636"
"9637" "" "9637"
"9638" "" "9638"
"9639" "" "9639"
"9640" "" "9640"
"9641" "" "9641"
"9642" "" "9642"
"9643" "" "9643"
"9644" "" "9644"
"9645" "elijah_pogram::shoes, martin::shoes" "9645"
"9646" "" "9646"
"9647" "" "9647"
"9648" "" "9648"
"9649" "" "9649"
"9650" "" "9650"
"9651" "" "9651"
"9652" "" "9652"
"9653" "martin::determined, mr_pogram::determined" "9653"
"9654" "" "9654"
"9655" "" "9655"
"9656" "" "9656"
"9657" "eden::thought, martin::thought" "9657"
"9658" "eden::round, martin::round" "9658"
"9659" "martin::deeply" "9659"
"9660" "" "9660"
"9661" "" "9661"
"9662" "" "9662"
"9663" "" "9663"
"9664" "" "9664"
"9665" "" "9665"
"9666" "" "9666"
"9667" "" "9667"
"9668" "" "9668"
"9669" "" "9669"
"9670" "elijah_pogram::gentle" "9670"
"9671" "natur::fresh" "9671"
"9672" "" "9672"
"9673" "" "9673"
"9674" "" "9674"
"9675" "" "9675"
"9676" "" "9676"
"9677" "" "9677"
"9678" "natur::public" "9678"
"9679" "" "9679"
"9680" "mark::calm" "9680"
"9681" "" "9681"
"9682" "" "9682"
"9683" "martin::observe" "9683"
"9684" "" "9684"
"9685" "" "9685"
"9686" "" "9686"
"9687" "" "9687"
"9688" "elijah_pogram::round" "9688"
"9689" "" "9689"
"9690" "" "9690"
"9691" "" "9691"
"9692" "" "9692"
"9693" "" "9693"
"9694" "elijah_pogram::found, martin::found" "9694"
"9695" "" "9695"
"9696" "elijah::ink, elijah::school, martin::ink, martin::school" "9696"
"9697" "elijah_pogram::present" "9697"
"9698" "" "9698"
"9699" "" "9699"
"9700" "" "9700"
"9701" "elijah_pogram::thought, martin::thought" "9701"
"9702" "martin::chin, martin::little" "9702"
"9703" "" "9703"
"9704" "elijah_pogram::plate, martin::plate" "9704"
"9705" "" "9705"
"9706" "" "9706"
"9707" "elijah_pogram::#-time" "9707"
"9708" "" "9708"
"9709" "" "9709"
"9710" "" "9710"
"9711" "" "9711"
"9712" "martin::observe, mr_pogram::observe" "9712"
"9713" "" "9713"
"9714" "" "9714"
"9715" "" "9715"
"9716" "" "9716"
"9717" "" "9717"
"9718" "" "9718"
"9719" "" "9719"
"9720" "" "9720"
"9721" "" "9721"
"9722" "martin::can" "9722"
"9723" "kedgick::can" "9723"
"9724" "" "9724"
"9725" "" "9725"
"9726" "" "9726"
"9727" "" "9727"
"9728" "" "9728"
"9729" "" "9729"
"9730" "" "9730"
"9731" "mark::back" "9731"
"9732" "mark::public" "9732"
"9733" "" "9733"
"9734" "" "9734"
"9735" "elijah_pogram::determined, elijah_pogram::time" "9735"
"9736" "" "9736"
"9737" "" "9737"
"9738" "" "9738"
"9739" "" "9739"
"9740" "" "9740"
"9741" "" "9741"
"9742" "" "9742"
"9743" "" "9743"
"9744" "" "9744"
"9745" "" "9745"
"9746" "" "9746"
"9747" "" "9747"
"9748" "" "9748"
"9749" "" "9749"
"9750" "julius_washington_merweather_bib::line" "9750"
"9751" "" "9751"
"9752" "" "9752"
"9753" "oscar_buffum::name" "9753"
"9754" "elijah_pogram::back" "9754"
"9755" "" "9755"
"9756" "" "9756"
"9757" "" "9757"
"9758" "" "9758"
"9759" "" "9759"
"9760" "" "9760"
"9761" "buffum::public" "9761"
"9762" "" "9762"
"9763" "" "9763"
"9764" "" "9764"
"9765" "" "9765"
"9766" "" "9766"
"9767" "" "9767"
"9768" "" "9768"
"9769" "" "9769"
"9770" "" "9770"
"9771" "" "9771"
"9772" "" "9772"
"9773" "" "9773"
"9774" "" "9774"
"9775" "" "9775"
"9776" "" "9776"
"9777" "" "9777"
"9778" "" "9778"
"9779" "pogram::back" "9779"
"9780" "mr_pogram::time" "9780"
"9781" "" "9781"
"9782" "" "9782"
"9783" "" "9783"
"9784" "elijah_pogram::boy" "9784"
"9785" "" "9785"
"9786" "" "9786"
"9787" "pogram::#-known, pogram::little" "9787"
"9788" "" "9788"
"9789" "elijah_pogram::thought" "9789"
"9790" "" "9790"
"9791" "" "9791"
"9792" "" "9792"
"9793" "" "9793"
"9794" "elijah_pogram::account, elijah_pogram::end, elijah_pogram::meeting, elijah_pogram::object" "9794"
"9795" "elijah_pogram::person" "9795"
"9796" "" "9796"
"9797" "" "9797"
"9798" "" "9798"
"9799" "" "9799"
"9800" "" "9800"
"9801" "" "9801"
"9802" "" "9802"
"9803" "" "9803"
"9804" "" "9804"
"9805" "mrs_hominy::first, mrs_hominy::position" "9805"
"9806" "" "9806"
"9807" "" "9807"
"9808" "" "9808"
"9809" "" "9809"
"9810" "mrs_hominy::little" "9810"
"9811" "" "9811"
"9812" "" "9812"
"9813" "m._g.::mother, m._g.::request, m._g.::two" "9813"
"9814" "" "9814"
"9815" "elijah_pogram::two, l._l.::two" "9815"
"9816" "" "9816"
"9817" "" "9817"
"9818" "" "9818"
"9819" "" "9819"
"9820" "" "9820"
"9821" "" "9821"
"9822" "" "9822"
"9823" "" "9823"
"9824" "" "9824"
"9825" "" "9825"
"9826" "" "9826"
"9827" "" "9827"
"9828" "" "9828"
"9829" "" "9829"
"9830" "gracchi::modern, gracchi::mother, gracchi::work" "9830"
"9831" "gracchi::history" "9831"
"9832" "" "9832"
"9833" "" "9833"
"9834" "" "9834"
"9835" "elijah_pogram::back, elijah_pogram::room" "9835"
"9836" "" "9836"
"9837" "" "9837"
"9838" "" "9838"
"9839" "" "9839"
"9840" "" "9840"
"9841" "" "9841"
"9842" "" "9842"
"9843" "" "9843"
"9844" "" "9844"
"9845" "" "9845"
"9846" "" "9846"
"9847" "mark::distance, martin::distance" "9847"
"9848" "martin::time, pogram::time" "9848"
"9849" "" "9849"
"9850" "" "9850"
"9851" "" "9851"
"9852" "martin::copy" "9852"
"9853" "" "9853"
"9854" "martin::copy" "9854"
"9855" "" "9855"
"9856" "" "9856"
"9857" "" "9857"
"9858" "" "9858"
"9859" "" "9859"
"9860" "" "9860"
"9861" "" "9861"
"9862" "" "9862"
"9863" "" "9863"
"9864" "" "9864"
"9865" "bevan::time" "9865"
"9866" "" "9866"
"9867" "" "9867"
"9868" "" "9868"
"9869" "" "9869"
"9870" "" "9870"
"9871" "eden::idea, eden::thought, martin::idea, martin::thought" "9871"
"9872" "" "9872"
"9873" "" "9873"
"9874" "" "9874"
"9875" "martin::blush" "9875"
"9876" "" "9876"
"9877" "" "9877"
"9878" "martin::thought" "9878"
"9879" "" "9879"
"9880" "" "9880"
"9881" "" "9881"
"9882" "" "9882"
"9883" "" "9883"
"9884" "" "9884"
"9885" "martin::money" "9885"
"9886" "" "9886"
"9887" "" "9887"
"9888" "" "9888"
"9889" "mark::actually, mark::can" "9889"
"9890" "" "9890"
"9891" "" "9891"
"9892" "mark::room, tapley::room" "9892"
"9893" "" "9893"
"9894" "" "9894"
"9895" "tapley::married" "9895"
"9896" "" "9896"
"9897" "" "9897"
"9898" "" "9898"
"9899" "" "9899"
"9900" "" "9900"
"9901" "" "9901"
"9902" "" "9902"
"9903" "mark::hand, martin::hand" "9903"
"9904" "" "9904"
"9905" "bevan::money, mark::money" "9905"
"9906" "bevan::little, mark::little" "9906"
"9907" "mark::idea, martin::idea" "9907"
"9908" "" "9908"
"9909" "" "9909"
"9910" "" "9910"
"9911" "" "9911"
"9912" "" "9912"
"9913" "" "9913"
"9914" "" "9914"
"9915" "" "9915"
"9916" "" "9916"
"9917" "" "9917"
"9918" "" "9918"
"9919" "" "9919"
"9920" "" "9920"
"9921" "" "9921"
"9922" "" "9922"
"9923" "" "9923"
"9924" "" "9924"
"9925" "mark::hope" "9925"
"9926" "" "9926"
"9927" "" "9927"
"9928" "" "9928"
"9929" "" "9929"
"9930" "" "9930"
"9931" "" "9931"
"9932" "" "9932"
"9933" "" "9933"
"9934" "" "9934"
"9935" "" "9935"
"9936" "" "9936"
"9937" "" "9937"
"9938" "tapley::wipe" "9938"
"9939" "" "9939"
"9940" "" "9940"
"9941" "" "9941"
"9942" "" "9942"
"9943" "mark::first, martin::first" "9943"
"9944" "" "9944"
"9945" "" "9945"
"9946" "" "9946"
"9947" "" "9947"
"9948" "" "9948"
"9949" "" "9949"
"9950" "" "9950"
"9951" "" "9951"
"9952" "" "9952"
"9953" "" "9953"
"9954" "" "9954"
"9955" "" "9955"
"9956" "" "9956"
"9957" "" "9957"
"9958" "martin::hand" "9958"
"9959" "mark::time" "9959"
"9960" "" "9960"
"9961" "" "9961"
"9962" "" "9962"
"9963" "" "9963"
"9964" "" "9964"
"9965" "" "9965"
"9966" "" "9966"
"9967" "" "9967"
"9968" "pecksniff::direction, pecksniff::person" "9968"
"9969" "" "9969"
"9970" "" "9970"
"9971" "" "9971"
"9972" "" "9972"
"9973" "" "9973"
"9974" "tapley::safe" "9974"
"9975" "" "9975"
"9976" "pecksniff::reply" "9976"
"9977" "" "9977"
"9978" "" "9978"
"9979" "" "9979"
"9980" "" "9980"
"9981" "" "9981"
"9982" "" "9982"
"9983" "" "9983"
"9984" "" "9984"
"9985" "" "9985"
"9986" "" "9986"
"9987" "" "9987"
"9988" "" "9988"
"9989" "" "9989"
"9990" "" "9990"
"9991" "" "9991"
"9992" "" "9992"
"9993" "" "9993"
"9994" "" "9994"
"9995" "" "9995"
"9996" "mark::full, mark::person, martin::full, martin::person" "9996"
"9997" "" "9997"
"9998" "" "9998"
"9999" "" "9999"
"10000" "" "10000"
"10001" "" "10001"
"10002" "" "10002"
"10003" "" "10003"
"10004" "" "10004"
"10005" "pecksniff::hand, pecksniff::round" "10005"
"10006" "" "10006"
"10007" "" "10007"
"10008" "" "10008"
"10009" "" "10009"
"10010" "" "10010"
"10011" "" "10011"
"10012" "pecksniff::hand" "10012"
"10013" "" "10013"
"10014" "" "10014"
"10015" "" "10015"
"10016" "" "10016"
"10017" "" "10017"
"10018" "" "10018"
"10019" "" "10019"
"10020" "" "10020"
"10021" "" "10021"
"10022" "pecksniff::round" "10022"
"10023" "" "10023"
"10024" "mark::boiling" "10024"
"10025" "" "10025"
"10026" "" "10026"
"10027" "" "10027"
"10028" "" "10028"
"10029" "" "10029"
"10030" "" "10030"
"10031" "" "10031"
"10032" "mark::actually, mark::first, mark::prevent" "10032"
"10033" "" "10033"
"10034" "" "10034"
"10035" "" "10035"
"10036" "" "10036"
"10037" "" "10037"
"10038" "pecksniff::first, pecksniff::hope, pecksniff::two" "10038"
"10039" "martin::time, pecksniff::time" "10039"
"10040" "pecksniff::reply" "10040"
"10041" "" "10041"
"10042" "" "10042"
"10043" "" "10043"
"10044" "pecksniff::boy, pecksniffs::boy" "10044"
"10045" "" "10045"
"10046" "" "10046"
"10047" "" "10047"
"10048" "" "10048"
"10049" "pecksniff::work" "10049"
"10050" "" "10050"
"10051" "" "10051"
"10052" "" "10052"
"10053" "" "10053"
"10054" "" "10054"
"10055" "martin::end" "10055"
"10056" "" "10056"
"10057" "mark::can, martin::can" "10057"
"10058" "" "10058"
"10059" "" "10059"
"10060" "pecksniff::substantial, salisbury::substantial, tom_pinch::substantial" "10060"
"10061" "" "10061"
"10062" "tom::fresh, tom::green, tom::ready" "10062"
"10063" "tom::cold" "10063"
"10064" "" "10064"
"10065" "" "10065"
"10066" "" "10066"
"10067" "pecksniff::dinner, tom::dinner" "10067"
"10068" "" "10068"
"10069" "" "10069"
"10070" "john_westlock::important, john_westlock::thought, tom::important, tom::thought" "10070"
"10071" "" "10071"
"10072" "" "10072"
"10073" "tom::broad" "10073"
"10074" "tom::sense" "10074"
"10075" "tom::reflect" "10075"
"10076" "tom::curious, tom::vast" "10076"
"10077" "tom::condition, tom::fat" "10077"
"10078" "" "10078"
"10079" "tom::box" "10079"
"10080" "" "10080"
"10081" "tom::#-handle" "10081"
"10082" "" "10082"
"10083" "" "10083"
"10084" "tom::#-admit, tom::little" "10084"
"10085" "" "10085"
"10086" "" "10086"
"10087" "" "10087"
"10088" "" "10088"
"10089" "" "10089"
"10090" "tom::box, tom::thought" "10090"
"10091" "" "10091"
"10092" "" "10092"
"10093" "" "10093"
"10094" "" "10094"
"10095" "" "10095"
"10096" "" "10096"
"10097" "tom::sense" "10097"
"10098" "" "10098"
"10099" "" "10099"
"10100" "" "10100"
"10101" "" "10101"
"10102" "" "10102"
"10103" "" "10103"
"10104" "" "10104"
"10105" "" "10105"
"10106" "" "10106"
"10107" "" "10107"
"10108" "" "10108"
"10109" "" "10109"
"10110" "" "10110"
"10111" "" "10111"
"10112" "tom::hand" "10112"
"10113" "" "10113"
"10114" "" "10114"
"10115" "" "10115"
"10116" "" "10116"
"10117" "" "10117"
"10118" "" "10118"
"10119" "" "10119"
"10120" "" "10120"
"10121" "" "10121"
"10122" "" "10122"
"10123" "" "10123"
"10124" "" "10124"
"10125" "tom::round" "10125"
"10126" "" "10126"
"10127" "" "10127"
"10128" "" "10128"
"10129" "" "10129"
"10130" "" "10130"
"10131" "" "10131"
"10132" "tom::hand" "10132"
"10133" "tom::thought" "10133"
"10134" "" "10134"
"10135" "pecksniff::back, tom::back" "10135"
"10136" "tom::thought" "10136"
"10137" "tom::prevent" "10137"
"10138" "" "10138"
"10139" "" "10139"
"10140" "" "10140"
"10141" "" "10141"
"10142" "" "10142"
"10143" "" "10143"
"10144" "" "10144"
"10145" "" "10145"
"10146" "" "10146"
"10147" "" "10147"
"10148" "" "10148"
"10149" "" "10149"
"10150" "tom::curious" "10150"
"10151" "" "10151"
"10152" "" "10152"
"10153" "" "10153"
"10154" "" "10154"
"10155" "" "10155"
"10156" "" "10156"
"10157" "" "10157"
"10158" "" "10158"
"10159" "" "10159"
"10160" "" "10160"
"10161" "" "10161"
"10162" "" "10162"
"10163" "" "10163"
"10164" "" "10164"
"10165" "bill::finger" "10165"
"10166" "" "10166"
"10167" "" "10167"
"10168" "" "10168"
"10169" "" "10169"
"10170" "" "10170"
"10171" "" "10171"
"10172" "" "10172"
"10173" "" "10173"
"10174" "" "10174"
"10175" "" "10175"
"10176" "" "10176"
"10177" "" "10177"
"10178" "" "10178"
"10179" "" "10179"
"10180" "" "10180"
"10181" "" "10181"
"10182" "" "10182"
"10183" "" "10183"
"10184" "" "10184"
"10185" "" "10185"
"10186" "" "10186"
"10187" "" "10187"
"10188" "" "10188"
"10189" "" "10189"
"10190" "tom::time" "10190"
"10191" "" "10191"
"10192" "" "10192"
"10193" "" "10193"
"10194" "tom::work" "10194"
"10195" "" "10195"
"10196" "" "10196"
"10197" "john::time" "10197"
"10198" "" "10198"
"10199" "" "10199"
"10200" "john::thought, pecksniff::thought" "10200"
"10201" "tom::thought" "10201"
"10202" "" "10202"
"10203" "tom::thought" "10203"
"10204" "" "10204"
"10205" "" "10205"
"10206" "" "10206"
"10207" "tom::thought" "10207"
"10208" "" "10208"
"10209" "" "10209"
"10210" "" "10210"
"10211" "" "10211"
"10212" "" "10212"
"10213" "" "10213"
"10214" "" "10214"
"10215" "" "10215"
"10216" "" "10216"
"10217" "" "10217"
"10218" "john::name" "10218"
"10219" "" "10219"
"10220" "" "10220"
"10221" "" "10221"
"10222" "" "10222"
"10223" "" "10223"
"10224" "" "10224"
"10225" "" "10225"
"10226" "" "10226"
"10227" "tom::known" "10227"
"10228" "" "10228"
"10229" "tom::can" "10229"
"10230" "" "10230"
"10231" "" "10231"
"10232" "" "10232"
"10233" "" "10233"
"10234" "" "10234"
"10235" "" "10235"
"10236" "" "10236"
"10237" "" "10237"
"10238" "" "10238"
"10239" "" "10239"
"10240" "john::hot" "10240"
"10241" "john::time" "10241"
"10242" "" "10242"
"10243" "" "10243"
"10244" "" "10244"
"10245" "" "10245"
"10246" "" "10246"
"10247" "" "10247"
"10248" "" "10248"
"10249" "" "10249"
"10250" "" "10250"
"10251" "" "10251"
"10252" "" "10252"
"10253" "john_westlock::thought" "10253"
"10254" "" "10254"
"10255" "" "10255"
"10256" "" "10256"
"10257" "" "10257"
"10258" "tom::deeply" "10258"
"10259" "" "10259"
"10260" "" "10260"
"10261" "" "10261"
"10262" "tom::plate" "10262"
"10263" "" "10263"
"10264" "" "10264"
"10265" "" "10265"
"10266" "" "10266"
"10267" "" "10267"
"10268" "" "10268"
"10269" "" "10269"
"10270" "" "10270"
"10271" "" "10271"
"10272" "" "10272"
"10273" "" "10273"
"10274" "tom::reply" "10274"
"10275" "" "10275"
"10276" "" "10276"
"10277" "" "10277"
"10278" "" "10278"
"10279" "" "10279"
"10280" "" "10280"
"10281" "john_westlock::two, tom::two" "10281"
"10282" "" "10282"
"10283" "tom::cherry" "10283"
"10284" "tom::little" "10284"
"10285" "" "10285"
"10286" "" "10286"
"10287" "" "10287"
"10288" "" "10288"
"10289" "" "10289"
"10290" "" "10290"
"10291" "" "10291"
"10292" "" "10292"
"10293" "" "10293"
"10294" "" "10294"
"10295" "" "10295"
"10296" "" "10296"
"10297" "" "10297"
"10298" "" "10298"
"10299" "" "10299"
"10300" "" "10300"
"10301" "" "10301"
"10302" "john_westlock::idea" "10302"
"10303" "" "10303"
"10304" "" "10304"
"10305" "" "10305"
"10306" "john_westlock::distance" "10306"
"10307" "" "10307"
"10308" "" "10308"
"10309" "" "10309"
"10310" "tom::time" "10310"
"10311" "" "10311"
"10312" "" "10312"
"10313" "tom::present" "10313"
"10314" "" "10314"
"10315" "tom::little, tom::open" "10315"
"10316" "" "10316"
"10317" "" "10317"
"10318" "" "10318"
"10319" "" "10319"
"10320" "" "10320"
"10321" "" "10321"
"10322" "" "10322"
"10323" "" "10323"
"10324" "" "10324"
"10325" "" "10325"
"10326" "" "10326"
"10327" "" "10327"
"10328" "" "10328"
"10329" "" "10329"
"10330" "ruth::hope" "10330"
"10331" "ruth::room" "10331"
"10332" "" "10332"
"10333" "tom::calm" "10333"
"10334" "ruth::window" "10334"
"10335" "" "10335"
"10336" "" "10336"
"10337" "" "10337"
"10338" "" "10338"
"10339" "" "10339"
"10340" "" "10340"
"10341" "" "10341"
"10342" "" "10342"
"10343" "" "10343"
"10344" "" "10344"
"10345" "" "10345"
"10346" "" "10346"
"10347" "" "10347"
"10348" "" "10348"
"10349" "" "10349"
"10350" "" "10350"
"10351" "" "10351"
"10352" "ruth::talk, ruth::unusual, tom::talk, tom::unusual" "10352"
"10353" "" "10353"
"10354" "" "10354"
"10355" "" "10355"
"10356" "" "10356"
"10357" "" "10357"
"10358" "" "10358"
"10359" "" "10359"
"10360" "" "10360"
"10361" "mrs_todgers::present" "10361"
"10362" "" "10362"
"10363" "" "10363"
"10364" "" "10364"
"10365" "" "10365"
"10366" "" "10366"
"10367" "" "10367"
"10368" "" "10368"
"10369" "" "10369"
"10370" "" "10370"
"10371" "" "10371"
"10372" "tom::mute" "10372"
"10373" "" "10373"
"10374" "" "10374"
"10375" "" "10375"
"10376" "" "10376"
"10377" "" "10377"
"10378" "" "10378"
"10379" "" "10379"
"10380" "" "10380"
"10381" "" "10381"
"10382" "" "10382"
"10383" "" "10383"
"10384" "" "10384"
"10385" "" "10385"
"10386" "" "10386"
"10387" "" "10387"
"10388" "" "10388"
"10389" "" "10389"
"10390" "" "10390"
"10391" "" "10391"
"10392" "tom::beg" "10392"
"10393" "" "10393"
"10394" "" "10394"
"10395" "" "10395"
"10396" "" "10396"
"10397" "" "10397"
"10398" "" "10398"
"10399" "" "10399"
"10400" "" "10400"
"10401" "tom::person" "10401"
"10402" "" "10402"
"10403" "" "10403"
"10404" "" "10404"
"10405" "" "10405"
"10406" "" "10406"
"10407" "tom::little" "10407"
"10408" "ruth::daughter, ruth::natural" "10408"
"10409" "" "10409"
"10410" "" "10410"
"10411" "" "10411"
"10412" "" "10412"
"10413" "" "10413"
"10414" "" "10414"
"10415" "" "10415"
"10416" "" "10416"
"10417" "" "10417"
"10418" "tom::story" "10418"
"10419" "" "10419"
"10420" "" "10420"
"10421" "tom::reply" "10421"
"10422" "" "10422"
"10423" "" "10423"
"10424" "" "10424"
"10425" "tom::can" "10425"
"10426" "" "10426"
"10427" "" "10427"
"10428" "tom::command" "10428"
"10429" "tom::#-position, tom::can, tom::sense" "10429"
"10430" "tom::wrong" "10430"
"10431" "" "10431"
"10432" "" "10432"
"10433" "" "10433"
"10434" "" "10434"
"10435" "" "10435"
"10436" "tom::can, tom::daughter" "10436"
"10437" "" "10437"
"10438" "" "10438"
"10439" "" "10439"
"10440" "" "10440"
"10441" "" "10441"
"10442" "" "10442"
"10443" "" "10443"
"10444" "tom::#-waiting" "10444"
"10445" "" "10445"
"10446" "" "10446"
"10447" "" "10447"
"10448" "" "10448"
"10449" "" "10449"
"10450" "" "10450"
"10451" "" "10451"
"10452" "" "10452"
"10453" "" "10453"
"10454" "" "10454"
"10455" "" "10455"
"10456" "tom::idea" "10456"
"10457" "" "10457"
"10458" "" "10458"
"10459" "" "10459"
"10460" "tom::#-present" "10460"
"10461" "" "10461"
"10462" "" "10462"
"10463" "" "10463"
"10464" "" "10464"
"10465" "" "10465"
"10466" "" "10466"
"10467" "" "10467"
"10468" "" "10468"
"10469" "" "10469"
"10470" "" "10470"
"10471" "" "10471"
"10472" "" "10472"
"10473" "" "10473"
"10474" "tom::time" "10474"
"10475" "" "10475"
"10476" "" "10476"
"10477" "" "10477"
"10478" "" "10478"
"10479" "" "10479"
"10480" "" "10480"
"10481" "tom::public" "10481"
"10482" "" "10482"
"10483" "tom::first" "10483"
"10484" "" "10484"
"10485" "tom::little, tom::rely" "10485"
"10486" "" "10486"
"10487" "" "10487"
"10488" "furnival::first, furnival::payment, high_holborn::first, high_holborn::payment, john_westlock::first, john_westlock::payment" "10488"
"10489" "" "10489"
"10490" "" "10490"
"10491" "" "10491"
"10492" "tom::time" "10492"
"10493" "" "10493"
"10494" "tom::thought" "10494"
"10495" "ruth::can, ruth::comfortable" "10495"
"10496" "" "10496"
"10497" "" "10497"
"10498" "" "10498"
"10499" "john::thought, tom::thought" "10499"
"10500" "john::meat, tom::meat" "10500"
"10501" "" "10501"
"10502" "tom::known, tom::little" "10502"
"10503" "" "10503"
"10504" "" "10504"
"10505" "" "10505"
"10506" "furnival::near, furnival::thought, furnival::two, tom::near, tom::thought, tom::two" "10506"
"10507" "" "10507"
"10508" "" "10508"
"10509" "" "10509"
"10510" "pope::little, tom::little" "10510"
"10511" "tom::fresh, tom::plants" "10511"
"10512" "tom::actually, tom::perpetual" "10512"
"10513" "furnival::two, tom::two" "10513"
"10514" "" "10514"
"10515" "" "10515"
"10516" "" "10516"
"10517" "" "10517"
"10518" "" "10518"
"10519" "" "10519"
"10520" "" "10520"
"10521" "" "10521"
"10522" "" "10522"
"10523" "" "10523"
"10524" "" "10524"
"10525" "" "10525"
"10526" "" "10526"
"10527" "" "10527"
"10528" "" "10528"
"10529" "" "10529"
"10530" "tom::hope" "10530"
"10531" "" "10531"
"10532" "" "10532"
"10533" "" "10533"
"10534" "cherry::chin" "10534"
"10535" "miss_graham::object, tom::object" "10535"
"10536" "" "10536"
"10537" "" "10537"
"10538" "" "10538"
"10539" "cherry::end" "10539"
"10540" "" "10540"
"10541" "" "10541"
"10542" "tom::two" "10542"
"10543" "" "10543"
"10544" "" "10544"
"10545" "" "10545"
"10546" "" "10546"
"10547" "" "10547"
"10548" "" "10548"
"10549" "tom::thought" "10549"
"10550" "" "10550"
"10551" "" "10551"
"10552" "" "10552"
"10553" "furnival::little, furnival::prevent, furnival::wrong" "10553"
"10554" "" "10554"
"10555" "" "10555"
"10556" "tom::fear" "10556"
"10557" "tom::private, tom::relation" "10557"
"10558" "" "10558"
"10559" "" "10559"
"10560" "" "10560"
"10561" "mr_pinch::#-known" "10561"
"10562" "" "10562"
"10563" "" "10563"
"10564" "" "10564"
"10565" "" "10565"
"10566" "tom::little, tom::meeting, tom::observe, tom::sense" "10566"
"10567" "pecksniff::thought, tom::thought" "10567"
"10568" "" "10568"
"10569" "pecksniff::#-idea, tom::#-idea" "10569"
"10570" "pecksniff::curious" "10570"
"10571" "" "10571"
"10572" "" "10572"
"10573" "" "10573"
"10574" "" "10574"
"10575" "" "10575"
"10576" "" "10576"
"10577" "" "10577"
"10578" "" "10578"
"10579" "" "10579"
"10580" "" "10580"
"10581" "" "10581"
"10582" "" "10582"
"10583" "" "10583"
"10584" "" "10584"
"10585" "" "10585"
"10586" "" "10586"
"10587" "tom::time" "10587"
"10588" "" "10588"
"10589" "" "10589"
"10590" "" "10590"
"10591" "" "10591"
"10592" "" "10592"
"10593" "mr_pinch::busy" "10593"
"10594" "" "10594"
"10595" "--_tom::can, --_tom::person, tom::can, tom::person" "10595"
"10596" "" "10596"
"10597" "" "10597"
"10598" "" "10598"
"10599" "" "10599"
"10600" "" "10600"
"10601" "tom::little" "10601"
"10602" "" "10602"
"10603" "" "10603"
"10604" "" "10604"
"10605" "" "10605"
"10606" "" "10606"
"10607" "tom::thought" "10607"
"10608" "" "10608"
"10609" "tom::can" "10609"
"10610" "" "10610"
"10611" "" "10611"
"10612" "" "10612"
"10613" "" "10613"
"10614" "" "10614"
"10615" "" "10615"
"10616" "" "10616"
"10617" "" "10617"
"10618" "" "10618"
"10619" "" "10619"
"10620" "" "10620"
"10621" "" "10621"
"10622" "" "10622"
"10623" "tom::thought" "10623"
"10624" "" "10624"
"10625" "" "10625"
"10626" "tom::thought" "10626"
"10627" "tom::little, tom::love" "10627"
"10628" "" "10628"
"10629" "tom::hand" "10629"
"10630" "" "10630"
"10631" "" "10631"
"10632" "tom::found, tom::room" "10632"
"10633" "" "10633"
"10634" "" "10634"
"10635" "" "10635"
"10636" "" "10636"
"10637" "" "10637"
"10638" "" "10638"
"10639" "" "10639"
"10640" "mrs_todgers::can, tom::can" "10640"
"10641" "mrs_todgers::full, mrs_todgers::room, tom::full, tom::room" "10641"
"10642" "mrs_todgers::back" "10642"
"10643" "mrs_todgers::temper" "10643"
"10644" "" "10644"
"10645" "" "10645"
"10646" "" "10646"
"10647" "" "10647"
"10648" "" "10648"
"10649" "" "10649"
"10650" "" "10650"
"10651" "anoth::married, moddle::married, mrs_todgers::married, tom::married" "10651"
"10652" "" "10652"
"10653" "" "10653"
"10654" "pecksniff::love" "10654"
"10655" "" "10655"
"10656" "" "10656"
"10657" "" "10657"
"10658" "" "10658"
"10659" "tom::thought" "10659"
"10660" "" "10660"
"10661" "" "10661"
"10662" "" "10662"
"10663" "" "10663"
"10664" "" "10664"
"10665" "" "10665"
"10666" "tom::load" "10666"
"10667" "john_westlock::room, tom::room" "10667"
"10668" "" "10668"
"10669" "" "10669"
"10670" "" "10670"
"10671" "" "10671"
"10672" "" "10672"
"10673" "" "10673"
"10674" "" "10674"
"10675" "" "10675"
"10676" "" "10676"
"10677" "tom::first" "10677"
"10678" "" "10678"
"10679" "" "10679"
"10680" "" "10680"
"10681" "" "10681"
"10682" "" "10682"
"10683" "" "10683"
"10684" "" "10684"
"10685" "" "10685"
"10686" "" "10686"
"10687" "" "10687"
"10688" "" "10688"
"10689" "" "10689"
"10690" "" "10690"
"10691" "john_westlock::box, john_westlock::busy, john_westlock::little, tom::box, tom::busy, tom::little" "10691"
"10692" "john_westlock::little, tom::little" "10692"
"10693" "" "10693"
"10694" "" "10694"
"10695" "" "10695"
"10696" "" "10696"
"10697" "tom::first" "10697"
"10698" "" "10698"
"10699" "" "10699"
"10700" "nadgett::name, tom::name" "10700"
"10701" "" "10701"
"10702" "" "10702"
"10703" "" "10703"
"10704" "" "10704"
"10705" "" "10705"
"10706" "" "10706"
"10707" "" "10707"
"10708" "" "10708"
"10709" "" "10709"
"10710" "" "10710"
"10711" "" "10711"
"10712" "" "10712"
"10713" "" "10713"
"10714" "" "10714"
"10715" "nadgett::object" "10715"
"10716" "" "10716"
"10717" "" "10717"
"10718" "" "10718"
"10719" "" "10719"
"10720" "" "10720"
"10721" "mrs_gamp::large, sweedlepipe::large" "10721"
"10722" "mrs_gamp::two, sweedlepipe::two" "10722"
"10723" "mould::dry, mould::file, mould::fish, mould::time, tacker::dry, tacker::file, tacker::fish, tacker::time" "10723"
"10724" "mould::time, mould::wrong, tacker::time, tacker::wrong" "10724"
"10725" "jobling::wrong, nadgett::wrong" "10725"
"10726" "" "10726"
"10727" "" "10727"
"10728" "" "10728"
"10729" "" "10729"
"10730" "" "10730"
"10731" "" "10731"
"10732" "bailey::person" "10732"
"10733" "" "10733"
"10734" "" "10734"
"10735" "" "10735"
"10736" "" "10736"
"10737" "" "10737"
"10738" "nadgett::fear" "10738"
"10739" "" "10739"
"10740" "" "10740"
"10741" "" "10741"
"10742" "" "10742"
"10743" "" "10743"
"10744" "" "10744"
"10745" "" "10745"
"10746" "" "10746"
"10747" "" "10747"
"10748" "" "10748"
"10749" "" "10749"
"10750" "nadgett::legs, nadgett::rest, nadgett::room" "10750"
"10751" "nadgett::two" "10751"
"10752" "nadgett::back" "10752"
"10753" "montague::little" "10753"
"10754" "montague::rest" "10754"
"10755" "" "10755"
"10756" "" "10756"
"10757" "" "10757"
"10758" "montague::first, nadgett::first" "10758"
"10759" "" "10759"
"10760" "montague::full, nadgett::full" "10760"
"10761" "" "10761"
"10762" "" "10762"
"10763" "" "10763"
"10764" "" "10764"
"10765" "" "10765"
"10766" "" "10766"
"10767" "" "10767"
"10768" "nadgett::secret" "10768"
"10769" "nadgett::first" "10769"
"10770" "nadgett::little, nadgett::ready" "10770"
"10771" "tigg_montague::window" "10771"
"10772" "" "10772"
"10773" "" "10773"
"10774" "" "10774"
"10775" "nadgett::trouble" "10775"
"10776" "" "10776"
"10777" "nadgett::hand" "10777"
"10778" "tigg::known" "10778"
"10779" "" "10779"
"10780" "" "10780"
"10781" "" "10781"
"10782" "" "10782"
"10783" "jonas_chuzzlewit::thought, tigg::thought" "10783"
"10784" "" "10784"
"10785" "" "10785"
"10786" "" "10786"
"10787" "" "10787"
"10788" "" "10788"
"10789" "" "10789"
"10790" "" "10790"
"10791" "" "10791"
"10792" "" "10792"
"10793" "" "10793"
"10794" "" "10794"
"10795" "" "10795"
"10796" "nadgett::time" "10796"
"10797" "" "10797"
"10798" "" "10798"
"10799" "" "10799"
"10800" "" "10800"
"10801" "" "10801"
"10802" "" "10802"
"10803" "" "10803"
"10804" "" "10804"
"10805" "" "10805"
"10806" "" "10806"
"10807" "" "10807"
"10808" "" "10808"
"10809" "tigg::mere" "10809"
"10810" "tigg::waiting" "10810"
"10811" "" "10811"
"10812" "" "10812"
"10813" "" "10813"
"10814" "" "10814"
"10815" "" "10815"
"10816" "jonas::little" "10816"
"10817" "nadgett::back" "10817"
"10818" "" "10818"
"10819" "" "10819"
"10820" "" "10820"
"10821" "" "10821"
"10822" "" "10822"
"10823" "" "10823"
"10824" "" "10824"
"10825" "" "10825"
"10826" "" "10826"
"10827" "" "10827"
"10828" "" "10828"
"10829" "" "10829"
"10830" "" "10830"
"10831" "" "10831"
"10832" "" "10832"
"10833" "" "10833"
"10834" "jonas::talk" "10834"
"10835" "" "10835"
"10836" "" "10836"
"10837" "" "10837"
"10838" "" "10838"
"10839" "jonas::money" "10839"
"10840" "" "10840"
"10841" "" "10841"
"10842" "" "10842"
"10843" "" "10843"
"10844" "" "10844"
"10845" "" "10845"
"10846" "" "10846"
"10847" "" "10847"
"10848" "" "10848"
"10849" "" "10849"
"10850" "" "10850"
"10851" "" "10851"
"10852" "" "10852"
"10853" "" "10853"
"10854" "" "10854"
"10855" "jonas::laugh, jonas::little, tigg::laugh, tigg::little" "10855"
"10856" "" "10856"
"10857" "" "10857"
"10858" "" "10858"
"10859" "" "10859"
"10860" "" "10860"
"10861" "" "10861"
"10862" "" "10862"
"10863" "montague::hand" "10863"
"10864" "jonas::can" "10864"
"10865" "" "10865"
"10866" "" "10866"
"10867" "" "10867"
"10868" "" "10868"
"10869" "jonas::round, nadgett::round" "10869"
"10870" "" "10870"
"10871" "" "10871"
"10872" "" "10872"
"10873" "jonas_chuzzlewit::move" "10873"
"10874" "" "10874"
"10875" "" "10875"
"10876" "" "10876"
"10877" "" "10877"
"10878" "" "10878"
"10879" "" "10879"
"10880" "" "10880"
"10881" "" "10881"
"10882" "" "10882"
"10883" "" "10883"
"10884" "" "10884"
"10885" "" "10885"
"10886" "" "10886"
"10887" "" "10887"
"10888" "" "10888"
"10889" "" "10889"
"10890" "ruth::little" "10890"
"10891" "ruth::bustling, ruth::little" "10891"
"10892" "" "10892"
"10893" "" "10893"
"10894" "" "10894"
"10895" "" "10895"
"10896" "" "10896"
"10897" "tom::little" "10897"
"10898" "" "10898"
"10899" "" "10899"
"10900" "" "10900"
"10901" "tom::leg, tom::reply" "10901"
"10902" "" "10902"
"10903" "tom::first" "10903"
"10904" "tom::laugh" "10904"
"10905" "" "10905"
"10906" "" "10906"
"10907" "" "10907"
"10908" "" "10908"
"10909" "" "10909"
"10910" "" "10910"
"10911" "" "10911"
"10912" "" "10912"
"10913" "tom::person" "10913"
"10914" "" "10914"
"10915" "" "10915"
"10916" "" "10916"
"10917" "" "10917"
"10918" "" "10918"
"10919" "" "10919"
"10920" "" "10920"
"10921" "" "10921"
"10922" "" "10922"
"10923" "" "10923"
"10924" "" "10924"
"10925" "" "10925"
"10926" "" "10926"
"10927" "" "10927"
"10928" "ruth::end, ruth::mere, tom::end, tom::mere" "10928"
"10929" "tom::hand" "10929"
"10930" "" "10930"
"10931" "" "10931"
"10932" "" "10932"
"10933" "" "10933"
"10934" "" "10934"
"10935" "" "10935"
"10936" "" "10936"
"10937" "" "10937"
"10938" "" "10938"
"10939" "" "10939"
"10940" "" "10940"
"10941" "" "10941"
"10942" "tom::can" "10942"
"10943" "" "10943"
"10944" "" "10944"
"10945" "" "10945"
"10946" "john_westlock::talk" "10946"
"10947" "" "10947"
"10948" "" "10948"
"10949" "tom::gentle" "10949"
"10950" "" "10950"
"10951" "" "10951"
"10952" "tom::work" "10952"
"10953" "" "10953"
"10954" "" "10954"
"10955" "tom::separate, tom::time" "10955"
"10956" "" "10956"
"10957" "" "10957"
"10958" "" "10958"
"10959" "" "10959"
"10960" "" "10960"
"10961" "" "10961"
"10962" "" "10962"
"10963" "" "10963"
"10964" "" "10964"
"10965" "" "10965"
"10966" "" "10966"
"10967" "" "10967"
"10968" "" "10968"
"10969" "" "10969"
"10970" "" "10970"
"10971" "tom::hand" "10971"
"10972" "" "10972"
"10973" "" "10973"
"10974" "" "10974"
"10975" "" "10975"
"10976" "" "10976"
"10977" "" "10977"
"10978" "" "10978"
"10979" "" "10979"
"10980" "" "10980"
"10981" "tom::red" "10981"
"10982" "john_westlock::room, tom::room" "10982"
"10983" "" "10983"
"10984" "" "10984"
"10985" "" "10985"
"10986" "" "10986"
"10987" "" "10987"
"10988" "" "10988"
"10989" "john::first, john::hope" "10989"
"10990" "" "10990"
"10991" "john::hand" "10991"
"10992" "" "10992"
"10993" "" "10993"
"10994" "tom::can" "10994"
"10995" "tom::condition" "10995"
"10996" "john_westlock::little, ruth::little, tom::little" "10996"
"10997" "john::little" "10997"
"10998" "tom::can" "10998"
"10999" "tom::hand" "10999"
"11000" "" "11000"
"11001" "" "11001"
"11002" "" "11002"
"11003" "" "11003"
"11004" "" "11004"
"11005" "" "11005"
"11006" "" "11006"
"11007" "" "11007"
"11008" "" "11008"
"11009" "" "11009"
"11010" "" "11010"
"11011" "john::secret" "11011"
"11012" "" "11012"
"11013" "" "11013"
"11014" "" "11014"
"11015" "" "11015"
"11016" "" "11016"
"11017" "" "11017"
"11018" "" "11018"
"11019" "" "11019"
"11020" "" "11020"
"11021" "" "11021"
"11022" "" "11022"
"11023" "" "11023"
"11024" "" "11024"
"11025" "" "11025"
"11026" "" "11026"
"11027" "" "11027"
"11028" "" "11028"
"11029" "" "11029"
"11030" "" "11030"
"11031" "" "11031"
"11032" "" "11032"
"11033" "" "11033"
"11034" "" "11034"
"11035" "" "11035"
"11036" "" "11036"
"11037" "" "11037"
"11038" "tom::point, tom::rest" "11038"
"11039" "tom::can" "11039"
"11040" "" "11040"
"11041" "" "11041"
"11042" "ruth::can" "11042"
"11043" "" "11043"
"11044" "john_westlock::little, tom::little" "11044"
"11045" "tom::ready" "11045"
"11046" "" "11046"
"11047" "john_westlock::hand, john_westlock::story, tom::hand, tom::story" "11047"
"11048" "" "11048"
"11049" "" "11049"
"11050" "" "11050"
"11051" "john::known, john::person, pecksniff::known, pecksniff::person, thomas_pinch::known, thomas_pinch::person" "11051"
"11052" "" "11052"
"11053" "" "11053"
"11054" "" "11054"
"11055" "" "11055"
"11056" "" "11056"
"11057" "" "11057"
"11058" "" "11058"
"11059" "" "11059"
"11060" "" "11060"
"11061" "" "11061"
"11062" "" "11062"
"11063" "" "11063"
"11064" "" "11064"
"11065" "john::reply" "11065"
"11066" "" "11066"
"11067" "" "11067"
"11068" "tom::wonder" "11068"
"11069" "" "11069"
"11070" "john::little, ruth::little, tom::little, westlock::little" "11070"
"11071" "" "11071"
"11072" "" "11072"
"11073" "" "11073"
"11074" "ruth::can, ruth::thought" "11074"
"11075" "" "11075"
"11076" "" "11076"
"11077" "" "11077"
"11078" "" "11078"
"11079" "" "11079"
"11080" "tom::point" "11080"
"11081" "" "11081"
"11082" "" "11082"
"11083" "" "11083"
"11084" "" "11084"
"11085" "tom::mother" "11085"
"11086" "" "11086"
"11087" "" "11087"
"11088" "" "11088"
"11089" "" "11089"
"11090" "" "11090"
"11091" "john::history" "11091"
"11092" "" "11092"
"11093" "" "11093"
"11094" "" "11094"
"11095" "" "11095"
"11096" "" "11096"
"11097" "tom::black, tom::pie, tom::spare" "11097"
"11098" "" "11098"
"11099" "" "11099"
"11100" "" "11100"
"11101" "" "11101"
"11102" "" "11102"
"11103" "" "11103"
"11104" "tom_pinch::unusual" "11104"
"11105" "mr_westlock::known" "11105"
"11106" "" "11106"
"11107" "" "11107"
"11108" "" "11108"
"11109" "" "11109"
"11110" "" "11110"
"11111" "tom::hope" "11111"
"11112" "" "11112"
"11113" "john::can, westlock::can" "11113"
"11114" "" "11114"
"11115" "" "11115"
"11116" "tom::present, tom::thought" "11116"
"11117" "" "11117"
"11118" "" "11118"
"11119" "" "11119"
"11120" "tom::leg" "11120"
"11121" "" "11121"
"11122" "" "11122"
"11123" "" "11123"
"11124" "" "11124"
"11125" "john_westlock::time, tom_pinch::time" "11125"
"11126" "" "11126"
"11127" "" "11127"
"11128" "tom::can" "11128"
"11129" "" "11129"
"11130" "" "11130"
"11131" "" "11131"
"11132" "" "11132"
"11133" "" "11133"
"11134" "" "11134"
"11135" "tom::time" "11135"
"11136" "" "11136"
"11137" "" "11137"
"11138" "" "11138"
"11139" "" "11139"
"11140" "" "11140"
"11141" "" "11141"
"11142" "" "11142"
"11143" "" "11143"
"11144" "tom::little" "11144"
"11145" "" "11145"
"11146" "john_westlock::meeting, john_westlock::spare" "11146"
"11147" "john_westlock::time" "11147"
"11148" "john_westlock::rest" "11148"
"11149" "" "11149"
"11150" "" "11150"
"11151" "" "11151"
"11152" "john_westlock::little, john_westlock::lock, tom::little, tom::lock" "11152"
"11153" "john_westlock::hand, tom::hand" "11153"
"11154" "" "11154"
"11155" "" "11155"
"11156" "" "11156"
"11157" "" "11157"
"11158" "" "11158"
"11159" "" "11159"
"11160" "" "11160"
"11161" "" "11161"
"11162" "" "11162"
"11163" "" "11163"
"11164" "" "11164"
"11165" "" "11165"
"11166" "" "11166"
"11167" "" "11167"
"11168" "" "11168"
"11169" "tom::full" "11169"
"11170" "" "11170"
"11171" "tom::glove, tom::name" "11171"
"11172" "" "11172"
"11173" "" "11173"
"11174" "" "11174"
"11175" "" "11175"
"11176" "" "11176"
"11177" "" "11177"
"11178" "" "11178"
"11179" "" "11179"
"11180" "" "11180"
"11181" "" "11181"
"11182" "tom::comfortable" "11182"
"11183" "" "11183"
"11184" "" "11184"
"11185" "john_westlock::back, tom::back" "11185"
"11186" "tom::hand" "11186"
"11187" "tom::laugh, tom::laughing" "11187"
"11188" "john::laugh" "11188"
"11189" "" "11189"
"11190" "" "11190"
"11191" "" "11191"
"11192" "" "11192"
"11193" "" "11193"
"11194" "" "11194"
"11195" "" "11195"
"11196" "tom::ready" "11196"
"11197" "" "11197"
"11198" "" "11198"
"11199" "" "11199"
"11200" "john_westlock::perpetual, john_westlock::public" "11200"
"11201" "john::back, john::time, tom::back, tom::time" "11201"
"11202" "" "11202"
"11203" "" "11203"
"11204" "" "11204"
"11205" "" "11205"
"11206" "" "11206"
"11207" "" "11207"
"11208" "" "11208"
"11209" "john::time, tom_pinch::time" "11209"
"11210" "" "11210"
"11211" "" "11211"
"11212" "" "11212"
"11213" "" "11213"
"11214" "" "11214"
"11215" "" "11215"
"11216" "" "11216"
"11217" "" "11217"
"11218" "" "11218"
"11219" "" "11219"
"11220" "" "11220"
"11221" "" "11221"
"11222" "" "11222"
"11223" "" "11223"
"11224" "" "11224"
"11225" "" "11225"
"11226" "" "11226"
"11227" "tom::strange" "11227"
"11228" "tom::round, tom::time" "11228"
"11229" "" "11229"
"11230" "" "11230"
"11231" "" "11231"
"11232" "" "11232"
"11233" "" "11233"
"11234" "" "11234"
"11235" "" "11235"
"11236" "" "11236"
"11237" "" "11237"
"11238" "" "11238"
"11239" "pecksniff::suspect, pecksniff::unusual" "11239"
"11240" "tom::idea" "11240"
"11241" "tom::order" "11241"
"11242" "" "11242"
"11243" "tom::#-full" "11243"
"11244" "tom::thought" "11244"
"11245" "tom::sense" "11245"
"11246" "" "11246"
"11247" "tom::open" "11247"
"11248" "tom::#-wonder, tom::dress" "11248"
"11249" "" "11249"
"11250" "" "11250"
"11251" "tom::account, tom::depend, tom::secret, tom::thought" "11251"
"11252" "fips::account, fips::reply, tom::account, tom::reply" "11252"
"11253" "" "11253"
"11254" "" "11254"
"11255" "" "11255"
"11256" "" "11256"
"11257" "" "11257"
"11258" "" "11258"
"11259" "" "11259"
"11260" "" "11260"
"11261" "" "11261"
"11262" "" "11262"
"11263" "" "11263"
"11264" "" "11264"
"11265" "" "11265"
"11266" "" "11266"
"11267" "" "11267"
"11268" "" "11268"
"11269" "" "11269"
"11270" "" "11270"
"11271" "" "11271"
"11272" "" "11272"
"11273" "tom::fresh" "11273"
"11274" "" "11274"
"11275" "" "11275"
"11276" "" "11276"
"11277" "" "11277"
"11278" "" "11278"
"11279" "" "11279"
"11280" "" "11280"
"11281" "" "11281"
"11282" "" "11282"
"11283" "" "11283"
"11284" "" "11284"
"11285" "" "11285"
"11286" "" "11286"
"11287" "" "11287"
"11288" "" "11288"
"11289" "" "11289"
"11290" "" "11290"
"11291" "" "11291"
"11292" "ruth::first, ruth::handle, ruth::known, ruth::painful, ruth::round, tom::first, tom::handle, tom::known, tom::painful, tom::round" "11292"
"11293" "ruth::back, ruth::bird, ruth::round, ruth::umbrella, tom::back, tom::bird, tom::round, tom::umbrella" "11293"
"11294" "ruth::found, ruth::natural, ruth::round, ruth::umbrella, tom::found, tom::natural, tom::round, tom::umbrella" "11294"
"11295" "tom::person" "11295"
"11296" "" "11296"
"11297" "tom::little" "11297"
"11298" "" "11298"
"11299" "tom::fat, tom::little" "11299"
"11300" "" "11300"
"11301" "" "11301"
"11302" "" "11302"
"11303" "" "11303"
"11304" "" "11304"
"11305" "sairey::back" "11305"
"11306" "" "11306"
"11307" "" "11307"
"11308" "" "11308"
"11309" "" "11309"
"11310" "" "11310"
"11311" "" "11311"
"11312" "" "11312"
"11313" "" "11313"
"11314" "" "11314"
"11315" "" "11315"
"11316" "" "11316"
"11317" "mrs_gamp::little" "11317"
"11318" "harris::little, harris::love, harris::name, harris::round, mrs_harris::little, mrs_harris::love, mrs_harris::name, mrs_harris::round, sairey::little, sairey::love, sairey::name, sairey::round" "11318"
"11319" "" "11319"
"11320" "" "11320"
"11321" "" "11321"
"11322" "" "11322"
"11323" "" "11323"
"11324" "" "11324"
"11325" "" "11325"
"11326" "mrs_gamp::chin, mrs_gamp::iron" "11326"
"11327" "mrs_gamp::name" "11327"
"11328" "" "11328"
"11329" "" "11329"
"11330" "" "11330"
"11331" "" "11331"
"11332" "mrs_gamp::object, mrs_gamp::umbrella" "11332"
"11333" "" "11333"
"11334" "" "11334"
"11335" "" "11335"
"11336" "" "11336"
"11337" "gamp::first, mrs_gamp::first" "11337"
"11338" "gamp::point, mrs_gamp::point" "11338"
"11339" "" "11339"
"11340" "" "11340"
"11341" "tom::reply" "11341"
"11342" "" "11342"
"11343" "" "11343"
"11344" "" "11344"
"11345" "" "11345"
"11346" "" "11346"
"11347" "" "11347"
"11348" "" "11348"
"11349" "" "11349"
"11350" "" "11350"
"11351" "" "11351"
"11352" "" "11352"
"11353" "" "11353"
"11354" "" "11354"
"11355" "tom::little" "11355"
"11356" "mrs_gamp::found, mrs_gamp::hand, mrs_gamp::round, ruth::found, ruth::hand, ruth::round" "11356"
"11357" "mrs_gamp::person, ruth::person" "11357"
"11358" "" "11358"
"11359" "mr_pinch::beg" "11359"
"11360" "" "11360"
"11361" "" "11361"
"11362" "" "11362"
"11363" "tom::curious" "11363"
"11364" "" "11364"
"11365" "" "11365"
"11366" "" "11366"
"11367" "tom::direction, tom::finger, tom::time" "11367"
"11368" "" "11368"
"11369" "tom::red" "11369"
"11370" "" "11370"
"11371" "" "11371"
"11372" "" "11372"
"11373" "" "11373"
"11374" "" "11374"
"11375" "" "11375"
"11376" "" "11376"
"11377" "" "11377"
"11378" "" "11378"
"11379" "" "11379"
"11380" "" "11380"
"11381" "" "11381"
"11382" "" "11382"
"11383" "" "11383"
"11384" "" "11384"
"11385" "" "11385"
"11386" "" "11386"
"11387" "" "11387"
"11388" "" "11388"
"11389" "" "11389"
"11390" "ruth::back, ruth::end, ruth::object, ruth::search, ruth::wall" "11390"
"11391" "tom::round" "11391"
"11392" "" "11392"
"11393" "" "11393"
"11394" "" "11394"
"11395" "" "11395"
"11396" "" "11396"
"11397" "" "11397"
"11398" "" "11398"
"11399" "" "11399"
"11400" "" "11400"
"11401" "" "11401"
"11402" "" "11402"
"11403" "" "11403"
"11404" "" "11404"
"11405" "" "11405"
"11406" "" "11406"
"11407" "" "11407"
"11408" "" "11408"
"11409" "" "11409"
"11410" "" "11410"
"11411" "" "11411"
"11412" "" "11412"
"11413" "" "11413"
"11414" "" "11414"
"11415" "" "11415"
"11416" "" "11416"
"11417" "" "11417"
"11418" "" "11418"
"11419" "" "11419"
"11420" "" "11420"
"11421" "" "11421"
"11422" "" "11422"
"11423" "" "11423"
"11424" "" "11424"
"11425" "jonas_chuzzlewit::little, jonas_chuzzlewit::name, tom::little, tom::name" "11425"
"11426" "" "11426"
"11427" "" "11427"
"11428" "jonas::trip, montague::trip" "11428"
"11429" "" "11429"
"11430" "" "11430"
"11431" "" "11431"
"11432" "" "11432"
"11433" "" "11433"
"11434" "montague::female, mrs_gamp::female" "11434"
"11435" "" "11435"
"11436" "wishin::#-name, wishin::bird, wishin::fear, wishin::little" "11436"
"11437" "" "11437"
"11438" "" "11438"
"11439" "mrs_gamp::public, mrs_harris::public" "11439"
"11440" "" "11440"
"11441" "" "11441"
"11442" "" "11442"
"11443" "" "11443"
"11444" "" "11444"
"11445" "" "11445"
"11446" "" "11446"
"11447" "" "11447"
"11448" "" "11448"
"11449" "" "11449"
"11450" "gamp::full, mrs_harris::full" "11450"
"11451" "" "11451"
"11452" "" "11452"
"11453" "" "11453"
"11454" "" "11454"
"11455" "" "11455"
"11456" "" "11456"
"11457" "" "11457"
"11458" "" "11458"
"11459" "" "11459"
"11460" "" "11460"
"11461" "" "11461"
"11462" "" "11462"
"11463" "" "11463"
"11464" "" "11464"
"11465" "tom::chief" "11465"
"11466" "" "11466"
"11467" "jonas::near" "11467"
"11468" "jonas::strange" "11468"
"11469" "" "11469"
"11470" "jonas::round" "11470"
"11471" "" "11471"
"11472" "jonas::found, jonas::hand, jonas::search" "11472"
"11473" "mrs_gamp::window" "11473"
"11474" "" "11474"
"11475" "" "11475"
"11476" "" "11476"
"11477" "" "11477"
"11478" "" "11478"
"11479" "tom::secret" "11479"
"11480" "" "11480"
"11481" "" "11481"
"11482" "ruth::wonder" "11482"
"11483" "" "11483"
"11484" "" "11484"
"11485" "" "11485"
"11486" "" "11486"
"11487" "" "11487"
"11488" "" "11488"
"11489" "" "11489"
"11490" "jonas::carriage, jonas::space" "11490"
"11491" "" "11491"
"11492" "montague::found, tom::found" "11492"
"11493" "montague::anger, tom::anger" "11493"
"11494" "" "11494"
"11495" "" "11495"
"11496" "" "11496"
"11497" "" "11497"
"11498" "" "11498"
"11499" "" "11499"
"11500" "chuzzlewit::round, montague::round" "11500"
"11501" "" "11501"
"11502" "" "11502"
"11503" "" "11503"
"11504" "" "11504"
"11505" "" "11505"
"11506" "" "11506"
"11507" "" "11507"
"11508" "" "11508"
"11509" "" "11509"
"11510" "" "11510"
"11511" "" "11511"
"11512" "" "11512"
"11513" "jonas::back" "11513"
"11514" "" "11514"
"11515" "jonas::street" "11515"
"11516" "" "11516"
"11517" "" "11517"
"11518" "" "11518"
"11519" "" "11519"
"11520" "" "11520"
"11521" "" "11521"
"11522" "" "11522"
"11523" "" "11523"
"11524" "" "11524"
"11525" "" "11525"
"11526" "" "11526"
"11527" "" "11527"
"11528" "" "11528"
"11529" "" "11529"
"11530" "" "11530"
"11531" "" "11531"
"11532" "" "11532"
"11533" "" "11533"
"11534" "" "11534"
"11535" "" "11535"
"11536" "" "11536"
"11537" "" "11537"
"11538" "jonas::#-lie, jonas::account, jonas::little" "11538"
"11539" "montague::laugh" "11539"
"11540" "" "11540"
"11541" "" "11541"
"11542" "" "11542"
"11543" "" "11543"
"11544" "" "11544"
"11545" "montague::little, montague::safe" "11545"
"11546" "" "11546"
"11547" "" "11547"
"11548" "" "11548"
"11549" "" "11549"
"11550" "" "11550"
"11551" "" "11551"
"11552" "" "11552"
"11553" "" "11553"
"11554" "" "11554"
"11555" "" "11555"
"11556" "" "11556"
"11557" "" "11557"
"11558" "" "11558"
"11559" "" "11559"
"11560" "" "11560"
"11561" "" "11561"
"11562" "" "11562"
"11563" "" "11563"
"11564" "" "11564"
"11565" "" "11565"
"11566" "jonas::window" "11566"
"11567" "jonas::reply" "11567"
"11568" "" "11568"
"11569" "" "11569"
"11570" "" "11570"
"11571" "" "11571"
"11572" "" "11572"
"11573" "" "11573"
"11574" "jonas::found" "11574"
"11575" "" "11575"
"11576" "jonas::account" "11576"
"11577" "" "11577"
"11578" "" "11578"
"11579" "jonas::steady" "11579"
"11580" "" "11580"
"11581" "" "11581"
"11582" "montague::point" "11582"
"11583" "" "11583"
"11584" "" "11584"
"11585" "" "11585"
"11586" "" "11586"
"11587" "" "11587"
"11588" "" "11588"
"11589" "" "11589"
"11590" "" "11590"
"11591" "" "11591"
"11592" "montague::known" "11592"
"11593" "" "11593"
"11594" "jonas::first, jonas::time" "11594"
"11595" "jonas::hand, jonas::laugh" "11595"
"11596" "" "11596"
"11597" "" "11597"
"11598" "" "11598"
"11599" "" "11599"
"11600" "" "11600"
"11601" "" "11601"
"11602" "" "11602"
"11603" "" "11603"
"11604" "" "11604"
"11605" "jonas::laugh" "11605"
"11606" "" "11606"
"11607" "" "11607"
"11608" "" "11608"
"11609" "" "11609"
"11610" "" "11610"
"11611" "" "11611"
"11612" "jonas::file, jonas::hand" "11612"
"11613" "" "11613"
"11614" "" "11614"
"11615" "" "11615"
"11616" "" "11616"
"11617" "jonas::can" "11617"
"11618" "" "11618"
"11619" "" "11619"
"11620" "" "11620"
"11621" "" "11621"
"11622" "" "11622"
"11623" "" "11623"
"11624" "" "11624"
"11625" "" "11625"
"11626" "" "11626"
"11627" "" "11627"
"11628" "" "11628"
"11629" "" "11629"
"11630" "" "11630"
"11631" "" "11631"
"11632" "" "11632"
"11633" "" "11633"
"11634" "" "11634"
"11635" "" "11635"
"11636" "montague::can" "11636"
"11637" "" "11637"
"11638" "" "11638"
"11639" "" "11639"
"11640" "" "11640"
"11641" "" "11641"
"11642" "" "11642"
"11643" "jonas::time" "11643"
"11644" "jonas::temper, jonas::unusual" "11644"
"11645" "jonas::wine" "11645"
"11646" "jonas::deeply" "11646"
"11647" "" "11647"
"11648" "" "11648"
"11649" "jonas::back, jonas::excuse" "11649"
"11650" "jonas::back" "11650"
"11651" "jonas::request" "11651"
"11652" "jonas::room, montague::room" "11652"
"11653" "nadgett::room" "11653"
"11654" "" "11654"
"11655" "" "11655"
"11656" "" "11656"
"11657" "" "11657"
"11658" "nadgett::hand" "11658"
"11659" "" "11659"
"11660" "" "11660"
"11661" "" "11661"
"11662" "" "11662"
"11663" "" "11663"
"11664" "montague::back, nadgett::back" "11664"
"11665" "" "11665"
"11666" "" "11666"
"11667" "" "11667"
"11668" "montague::little" "11668"
"11669" "" "11669"
"11670" "" "11670"
"11671" "montague::bow, nadgett::bow" "11671"
"11672" "" "11672"
"11673" "jonas::two" "11673"
"11674" "" "11674"
"11675" "" "11675"
"11676" "" "11676"
"11677" "" "11677"
"11678" "" "11678"
"11679" "" "11679"
"11680" "" "11680"
"11681" "jonas::condition" "11681"
"11682" "jonas::back" "11682"
"11683" "" "11683"
"11684" "jonas::little" "11684"
"11685" "" "11685"
"11686" "" "11686"
"11687" "" "11687"
"11688" "" "11688"
"11689" "jonas::time" "11689"
"11690" "" "11690"
"11691" "" "11691"
"11692" "" "11692"
"11693" "" "11693"
"11694" "" "11694"
"11695" "jonas::hand" "11695"
"11696" "" "11696"
"11697" "jonas::red" "11697"
"11698" "jonas::laugh, jonas::strange" "11698"
"11699" "" "11699"
"11700" "" "11700"
"11701" "" "11701"
"11702" "" "11702"
"11703" "" "11703"
"11704" "" "11704"
"11705" "" "11705"
"11706" "" "11706"
"11707" "jonas::cold" "11707"
"11708" "" "11708"
"11709" "" "11709"
"11710" "jonas::hand" "11710"
"11711" "" "11711"
"11712" "" "11712"
"11713" "" "11713"
"11714" "" "11714"
"11715" "" "11715"
"11716" "jonas::story, jonas::unusual" "11716"
"11717" "" "11717"
"11718" "" "11718"
"11719" "" "11719"
"11720" "" "11720"
"11721" "" "11721"
"11722" "bailey::carriage" "11722"
"11723" "" "11723"
"11724" "bailey::back, montague::back" "11724"
"11725" "" "11725"
"11726" "" "11726"
"11727" "montague::boy" "11727"
"11728" "" "11728"
"11729" "" "11729"
"11730" "" "11730"
"11731" "" "11731"
"11732" "" "11732"
"11733" "" "11733"
"11734" "" "11734"
"11735" "" "11735"
"11736" "" "11736"
"11737" "" "11737"
"11738" "" "11738"
"11739" "" "11739"
"11740" "" "11740"
"11741" "" "11741"
"11742" "" "11742"
"11743" "" "11743"
"11744" "" "11744"
"11745" "" "11745"
"11746" "" "11746"
"11747" "" "11747"
"11748" "" "11748"
"11749" "jonas::strange" "11749"
"11750" "" "11750"
"11751" "" "11751"
"11752" "" "11752"
"11753" "" "11753"
"11754" "" "11754"
"11755" "" "11755"
"11756" "" "11756"
"11757" "" "11757"
"11758" "" "11758"
"11759" "" "11759"
"11760" "" "11760"
"11761" "" "11761"
"11762" "" "11762"
"11763" "jonas::hand, jonas::thought" "11763"
"11764" "jonas::time" "11764"
"11765" "" "11765"
"11766" "jonas::move" "11766"
"11767" "" "11767"
"11768" "" "11768"
"11769" "" "11769"
"11770" "jonas::teeth" "11770"
"11771" "" "11771"
"11772" "" "11772"
"11773" "" "11773"
"11774" "" "11774"
"11775" "" "11775"
"11776" "" "11776"
"11777" "" "11777"
"11778" "" "11778"
"11779" "" "11779"
"11780" "" "11780"
"11781" "jonas::damp" "11781"
"11782" "" "11782"
"11783" "jonas::little" "11783"
"11784" "" "11784"
"11785" "montague::laugh" "11785"
"11786" "" "11786"
"11787" "" "11787"
"11788" "montague::little" "11788"
"11789" "jonas::time" "11789"
"11790" "jonas::time" "11790"
"11791" "" "11791"
"11792" "" "11792"
"11793" "jonas::#-direction" "11793"
"11794" "" "11794"
"11795" "" "11795"
"11796" "" "11796"
"11797" "" "11797"
"11798" "" "11798"
"11799" "" "11799"
"11800" "" "11800"
"11801" "" "11801"
"11802" "" "11802"
"11803" "" "11803"
"11804" "" "11804"
"11805" "montague::condition, montague::sense, montague::thought" "11805"
"11806" "" "11806"
"11807" "montague::sense" "11807"
"11808" "" "11808"
"11809" "" "11809"
"11810" "jonas::thought" "11810"
"11811" "jonas::iron, jonas::use" "11811"
"11812" "" "11812"
"11813" "jonas::present" "11813"
"11814" "" "11814"
"11815" "" "11815"
"11816" "" "11816"
"11817" "" "11817"
"11818" "" "11818"
"11819" "" "11819"
"11820" "" "11820"
"11821" "jonas::first" "11821"
"11822" "" "11822"
"11823" "" "11823"
"11824" "montague::animated" "11824"
"11825" "" "11825"
"11826" "" "11826"
"11827" "" "11827"
"11828" "" "11828"
"11829" "" "11829"
"11830" "" "11830"
"11831" "" "11831"
"11832" "" "11832"
"11833" "" "11833"
"11834" "" "11834"
"11835" "" "11835"
"11836" "" "11836"
"11837" "" "11837"
"11838" "montague::present" "11838"
"11839" "jonas::legs" "11839"
"11840" "" "11840"
"11841" "" "11841"
"11842" "" "11842"
"11843" "jonas::first" "11843"
"11844" "jonas::laugh" "11844"
"11845" "" "11845"
"11846" "" "11846"
"11847" "" "11847"
"11848" "" "11848"
"11849" "" "11849"
"11850" "" "11850"
"11851" "" "11851"
"11852" "" "11852"
"11853" "" "11853"
"11854" "" "11854"
"11855" "" "11855"
"11856" "" "11856"
"11857" "" "11857"
"11858" "" "11858"
"11859" "" "11859"
"11860" "jonas::time" "11860"
"11861" "" "11861"
"11862" "" "11862"
"11863" "" "11863"
"11864" "" "11864"
"11865" "" "11865"
"11866" "" "11866"
"11867" "" "11867"
"11868" "" "11868"
"11869" "" "11869"
"11870" "" "11870"
"11871" "" "11871"
"11872" "" "11872"
"11873" "" "11873"
"11874" "" "11874"
"11875" "jonas::horse, montague::horse" "11875"
"11876" "" "11876"
"11877" "" "11877"
"11878" "" "11878"
"11879" "" "11879"
"11880" "" "11880"
"11881" "" "11881"
"11882" "jonas::boy" "11882"
"11883" "" "11883"
"11884" "" "11884"
"11885" "" "11885"
"11886" "" "11886"
"11887" "" "11887"
"11888" "" "11888"
"11889" "" "11889"
"11890" "bailey::boy" "11890"
"11891" "montague::spare" "11891"
"11892" "" "11892"
"11893" "montague::broad" "11893"
"11894" "montague::boy" "11894"
"11895" "" "11895"
"11896" "" "11896"
"11897" "" "11897"
"11898" "chuzzlewit::damp" "11898"
"11899" "" "11899"
"11900" "" "11900"
"11901" "" "11901"
"11902" "" "11902"
"11903" "" "11903"
"11904" "" "11904"
"11905" "" "11905"
"11906" "nadgett::time" "11906"
"11907" "nadgett::name" "11907"
"11908" "nadgett::fear" "11908"
"11909" "nadgett::secret" "11909"
"11910" "" "11910"
"11911" "" "11911"
"11912" "" "11912"
"11913" "" "11913"
"11914" "" "11914"
"11915" "" "11915"
"11916" "" "11916"
"11917" "jonas::room" "11917"
"11918" "" "11918"
"11919" "" "11919"
"11920" "" "11920"
"11921" "" "11921"
"11922" "" "11922"
"11923" "" "11923"
"11924" "" "11924"
"11925" "" "11925"
"11926" "jonas::room" "11926"
"11927" "" "11927"
"11928" "" "11928"
"11929" "" "11929"
"11930" "" "11930"
"11931" "" "11931"
"11932" "" "11932"
"11933" "" "11933"
"11934" "" "11934"
"11935" "mr_pecksniff::little, mrs_lupin::little" "11935"
"11936" "mr_pecksniff::condition, mrs_lupin::condition" "11936"
"11937" "mr_pecksniff::back, mr_pecksniff::chin, mr_pecksniff::hand, mrs_lupin::back, mrs_lupin::chin, mrs_lupin::hand" "11937"
"11938" "" "11938"
"11939" "" "11939"
"11940" "" "11940"
"11941" "" "11941"
"11942" "" "11942"
"11943" "mrs_lupin::chin, mrs_lupin::hand, mrs_lupin::time" "11943"
"11944" "" "11944"
"11945" "" "11945"
"11946" "" "11946"
"11947" "" "11947"
"11948" "mrs_lupin::chin" "11948"
"11949" "" "11949"
"11950" "" "11950"
"11951" "" "11951"
"11952" "" "11952"
"11953" "" "11953"
"11954" "" "11954"
"11955" "" "11955"
"11956" "" "11956"
"11957" "mrs_lupin::back" "11957"
"11958" "" "11958"
"11959" "" "11959"
"11960" "" "11960"
"11961" "mrs_lupin::point" "11961"
"11962" "mark::back" "11962"
"11963" "mark::month" "11963"
"11964" "" "11964"
"11965" "mark::hand" "11965"
"11966" "" "11966"
"11967" "" "11967"
"11968" "" "11968"
"11969" "" "11969"
"11970" "" "11970"
"11971" "mrs_lupin::time" "11971"
"11972" "" "11972"
"11973" "" "11973"
"11974" "" "11974"
"11975" "" "11975"
"11976" "mark::first, tapley::first" "11976"
"11977" "" "11977"
"11978" "" "11978"
"11979" "" "11979"
"11980" "" "11980"
"11981" "" "11981"
"11982" "" "11982"
"11983" "" "11983"
"11984" "" "11984"
"11985" "" "11985"
"11986" "" "11986"
"11987" "" "11987"
"11988" "" "11988"
"11989" "" "11989"
"11990" "" "11990"
"11991" "" "11991"
"11992" "mr_pinch::street" "11992"
"11993" "" "11993"
"11994" "" "11994"
"11995" "" "11995"
"11996" "" "11996"
"11997" "" "11997"
"11998" "" "11998"
"11999" "" "11999"
"12000" "" "12000"
"12001" "" "12001"
"12002" "" "12002"
"12003" "" "12003"
"12004" "" "12004"
"12005" "martin::full" "12005"
"12006" "" "12006"
"12007" "mark::overjoyed, martin::overjoyed" "12007"
"12008" "" "12008"
"12009" "" "12009"
"12010" "mark::little, martin::little" "12010"
"12011" "mark::legs, mark::wheel, martin::legs, martin::wheel" "12011"
"12012" "" "12012"
"12013" "mark::horse, mark::wonder, pecksniff::horse, pecksniff::wonder" "12013"
"12014" "" "12014"
"12015" "" "12015"
"12016" "" "12016"
"12017" "" "12017"
"12018" "" "12018"
"12019" "" "12019"
"12020" "" "12020"
"12021" "mark::time" "12021"
"12022" "" "12022"
"12023" "" "12023"
"12024" "" "12024"
"12025" "" "12025"
"12026" "" "12026"
"12027" "" "12027"
"12028" "" "12028"
"12029" "" "12029"
"12030" "" "12030"
"12031" "tapley::idea" "12031"
"12032" "" "12032"
"12033" "mark_tapley::first, martin::first, mrs_lupin::first" "12033"
"12034" "tapley::distance, tapley::time" "12034"
"12035" "" "12035"
"12036" "" "12036"
"12037" "" "12037"
"12038" "" "12038"
"12039" "" "12039"
"12040" "" "12040"
"12041" "" "12041"
"12042" "" "12042"
"12043" "martin::person" "12043"
"12044" "" "12044"
"12045" "" "12045"
"12046" "" "12046"
"12047" "" "12047"
"12048" "" "12048"
"12049" "" "12049"
"12050" "" "12050"
"12051" "mrs_lupin::thought" "12051"
"12052" "" "12052"
"12053" "" "12053"
"12054" "" "12054"
"12055" "chuzzlewit::person, chuzzlewit::talk, martin::person, martin::talk, mary::person, mary::talk" "12055"
"12056" "martin::first, martin::hot, martin::temper" "12056"
"12057" "" "12057"
"12058" "" "12058"
"12059" "" "12059"
"12060" "" "12060"
"12061" "" "12061"
"12062" "" "12062"
"12063" "" "12063"
"12064" "" "12064"
"12065" "" "12065"
"12066" "" "12066"
"12067" "" "12067"
"12068" "" "12068"
"12069" "" "12069"
"12070" "" "12070"
"12071" "" "12071"
"12072" "" "12072"
"12073" "" "12073"
"12074" "" "12074"
"12075" "pecksniff::wrong" "12075"
"12076" "" "12076"
"12077" "pecksniffs::breathe" "12077"
"12078" "pecksniffs::name" "12078"
"12079" "" "12079"
"12080" "" "12080"
"12081" "martin::living, pinch::living, tom::living" "12081"
"12082" "martin::back, martin::little, pinch::back, pinch::little, tom::back, tom::little" "12082"
"12083" "" "12083"
"12084" "martin::#-thought, martin::back, martin::little" "12084"
"12085" "" "12085"
"12086" "" "12086"
"12087" "" "12087"
"12088" "" "12088"
"12089" "" "12089"
"12090" "" "12090"
"12091" "" "12091"
"12092" "mark::mere, martin::mere, tapley::mere" "12092"
"12093" "" "12093"
"12094" "mark::thought, martin::thought, pecksniff::thought, tapley::thought" "12094"
"12095" "" "12095"
"12096" "" "12096"
"12097" "" "12097"
"12098" "pecksniff::hope" "12098"
"12099" "" "12099"
"12100" "" "12100"
"12101" "martin::full, martin::hope, martin::little, pecksniff::full, pecksniff::hope, pecksniff::little" "12101"
"12102" "" "12102"
"12103" "" "12103"
"12104" "" "12104"
"12105" "pecksniff::scrape, pecksniff::shoes" "12105"
"12106" "" "12106"
"12107" "mark::time, martin::time" "12107"
"12108" "" "12108"
"12109" "" "12109"
"12110" "" "12110"
"12111" "mark::handle" "12111"
"12112" "" "12112"
"12113" "mary::little, tapley::little" "12113"
"12114" "" "12114"
"12115" "" "12115"
"12116" "" "12116"
"12117" "" "12117"
"12118" "pecksniff::order" "12118"
"12119" "" "12119"
"12120" "" "12120"
"12121" "" "12121"
"12122" "pecksniff::attempt, pecksniff::end, pecksniff::person, pecksniff::window, tapley::attempt, tapley::end, tapley::person, tapley::window" "12122"
"12123" "" "12123"
"12124" "" "12124"
"12125" "pecksniff::little" "12125"
"12126" "" "12126"
"12127" "" "12127"
"12128" "" "12128"
"12129" "" "12129"
"12130" "" "12130"
"12131" "" "12131"
"12132" "" "12132"
"12133" "mark::direction" "12133"
"12134" "chuzzlewit::name" "12134"
"12135" "" "12135"
"12136" "" "12136"
"12137" "" "12137"
"12138" "tapley::name" "12138"
"12139" "tapley::end" "12139"
"12140" "" "12140"
"12141" "" "12141"
"12142" "" "12142"
"12143" "" "12143"
"12144" "" "12144"
"12145" "" "12145"
"12146" "mark::thought, martin::thought" "12146"
"12147" "" "12147"
"12148" "" "12148"
"12149" "martin::open, martin::time, tapley::open, tapley::time" "12149"
"12150" "" "12150"
"12151" "martin::found, martin::room" "12151"
"12152" "mary::room, pecksniff::room" "12152"
"12153" "martin::swift" "12153"
"12154" "" "12154"
"12155" "" "12155"
"12156" "" "12156"
"12157" "" "12157"
"12158" "" "12158"
"12159" "" "12159"
"12160" "pecksniff::hand" "12160"
"12161" "pecksniff::shelter" "12161"
"12162" "" "12162"
"12163" "" "12163"
"12164" "" "12164"
"12165" "" "12165"
"12166" "" "12166"
"12167" "" "12167"
"12168" "" "12168"
"12169" "" "12169"
"12170" "" "12170"
"12171" "" "12171"
"12172" "" "12172"
"12173" "" "12173"
"12174" "" "12174"
"12175" "" "12175"
"12176" "" "12176"
"12177" "" "12177"
"12178" "" "12178"
"12179" "" "12179"
"12180" "" "12180"
"12181" "pecksniff::hand, pecksniff::love" "12181"
"12182" "" "12182"
"12183" "" "12183"
"12184" "" "12184"
"12185" "" "12185"
"12186" "martin::anger, pecksniff::anger" "12186"
"12187" "" "12187"
"12188" "martin::first, pecksniff::first" "12188"
"12189" "mary_graham::hand, pecksniff::hand" "12189"
"12190" "" "12190"
"12191" "" "12191"
"12192" "" "12192"
"12193" "pecksniff::person, pecksniff::position" "12193"
"12194" "" "12194"
"12195" "" "12195"
"12196" "pecksniff::known" "12196"
"12197" "" "12197"
"12198" "" "12198"
"12199" "" "12199"
"12200" "" "12200"
"12201" "" "12201"
"12202" "" "12202"
"12203" "" "12203"
"12204" "martin::land" "12204"
"12205" "" "12205"
"12206" "" "12206"
"12207" "" "12207"
"12208" "" "12208"
"12209" "" "12209"
"12210" "" "12210"
"12211" "" "12211"
"12212" "" "12212"
"12213" "martin::little" "12213"
"12214" "" "12214"
"12215" "" "12215"
"12216" "" "12216"
"12217" "" "12217"
"12218" "" "12218"
"12219" "" "12219"
"12220" "" "12220"
"12221" "" "12221"
"12222" "" "12222"
"12223" "" "12223"
"12224" "" "12224"
"12225" "" "12225"
"12226" "" "12226"
"12227" "" "12227"
"12228" "" "12228"
"12229" "" "12229"
"12230" "" "12230"
"12231" "" "12231"
"12232" "" "12232"
"12233" "" "12233"
"12234" "" "12234"
"12235" "" "12235"
"12236" "" "12236"
"12237" "" "12237"
"12238" "" "12238"
"12239" "" "12239"
"12240" "" "12240"
"12241" "" "12241"
"12242" "" "12242"
"12243" "" "12243"
"12244" "" "12244"
"12245" "" "12245"
"12246" "" "12246"
"12247" "" "12247"
"12248" "" "12248"
"12249" "pecksniff::hand" "12249"
"12250" "pecksniff::person" "12250"
"12251" "" "12251"
"12252" "" "12252"
"12253" "" "12253"
"12254" "" "12254"
"12255" "" "12255"
"12256" "" "12256"
"12257" "" "12257"
"12258" "" "12258"
"12259" "" "12259"
"12260" "" "12260"
"12261" "" "12261"
"12262" "" "12262"
"12263" "" "12263"
"12264" "pecksniff::#-wrong" "12264"
"12265" "" "12265"
"12266" "" "12266"
"12267" "" "12267"
"12268" "" "12268"
"12269" "" "12269"
"12270" "" "12270"
"12271" "" "12271"
"12272" "" "12272"
"12273" "" "12273"
"12274" "martin::first, pecksniff::first" "12274"
"12275" "martin::found, martin::full, martin::object, pecksniff::found, pecksniff::full, pecksniff::object, tom_pinch::found, tom_pinch::full, tom_pinch::object" "12275"
"12276" "pecksniff::thought" "12276"
"12277" "martin::time" "12277"
"12278" "" "12278"
"12279" "" "12279"
"12280" "" "12280"
"12281" "" "12281"
"12282" "" "12282"
"12283" "" "12283"
"12284" "pecksniff::sense" "12284"
"12285" "bevan::pencil, martin::pencil" "12285"
"12286" "" "12286"
"12287" "martin::hope, martin::present" "12287"
"12288" "pecksniff::deeply" "12288"
"12289" "" "12289"
"12290" "" "12290"
"12291" "" "12291"
"12292" "" "12292"
"12293" "" "12293"
"12294" "" "12294"
"12295" "" "12295"
"12296" "" "12296"
"12297" "pecksniff::hand, pecksniff::unusual" "12297"
"12298" "" "12298"
"12299" "" "12299"
"12300" "" "12300"
"12301" "" "12301"
"12302" "" "12302"
"12303" "" "12303"
"12304" "pecksniff::bridge" "12304"
"12305" "" "12305"
"12306" "" "12306"
"12307" "" "12307"
"12308" "" "12308"
"12309" "" "12309"
"12310" "martin::hand" "12310"
"12311" "" "12311"
"12312" "" "12312"
"12313" "" "12313"
"12314" "" "12314"
"12315" "" "12315"
"12316" "" "12316"
"12317" "" "12317"
"12318" "" "12318"
"12319" "" "12319"
"12320" "" "12320"
"12321" "" "12321"
"12322" "" "12322"
"12323" "martin::chief" "12323"
"12324" "martin::condition, martin::distance" "12324"
"12325" "" "12325"
"12326" "" "12326"
"12327" "" "12327"
"12328" "" "12328"
"12329" "" "12329"
"12330" "martin::first, martin::known, mary::first, mary::known" "12330"
"12331" "" "12331"
"12332" "" "12332"
"12333" "" "12333"
"12334" "" "12334"
"12335" "" "12335"
"12336" "" "12336"
"12337" "" "12337"
"12338" "" "12338"
"12339" "" "12339"
"12340" "" "12340"
"12341" "" "12341"
"12342" "" "12342"
"12343" "" "12343"
"12344" "" "12344"
"12345" "" "12345"
"12346" "" "12346"
"12347" "martin::familiar, martin::known" "12347"
"12348" "" "12348"
"12349" "" "12349"
"12350" "" "12350"
"12351" "" "12351"
"12352" "" "12352"
"12353" "martin::thought" "12353"
"12354" "" "12354"
"12355" "" "12355"
"12356" "" "12356"
"12357" "pecksniff::book" "12357"
"12358" "" "12358"
"12359" "pecksniff::first" "12359"
"12360" "" "12360"
"12361" "" "12361"
"12362" "martin::account, pecksniff::account" "12362"
"12363" "" "12363"
"12364" "mark::hand, martin::hand, tapley::hand" "12364"
"12365" "" "12365"
"12366" "" "12366"
"12367" "" "12367"
"12368" "" "12368"
"12369" "" "12369"
"12370" "" "12370"
"12371" "pecksniff::person" "12371"
"12372" "pecksniff::name" "12372"
"12373" "" "12373"
"12374" "" "12374"
"12375" "mr_tapley::familiar" "12375"
"12376" "mr_tapley::#-waste, mr_tapley::carriage" "12376"
"12377" "tapley::carriage" "12377"
"12378" "tapley::depend" "12378"
"12379" "" "12379"
"12380" "" "12380"
"12381" "" "12381"
"12382" "mrs_lupin::carriage, mrs_lupin::name" "12382"
"12383" "" "12383"
"12384" "martin::worry" "12384"
"12385" "" "12385"
"12386" "" "12386"
"12387" "" "12387"
"12388" "" "12388"
"12389" "martin::can, martin::dinner, martin::hope" "12389"
"12390" "martin::little" "12390"
"12391" "" "12391"
"12392" "" "12392"
"12393" "" "12393"
"12394" "" "12394"
"12395" "tom_pinch::guide" "12395"
"12396" "" "12396"
"12397" "" "12397"
"12398" "jonas::found, pecksniff::found" "12398"
"12399" "" "12399"
"12400" "jonas::hand, jonas::time, pecksniff::hand, pecksniff::time" "12400"
"12401" "" "12401"
"12402" "" "12402"
"12403" "pecksniff::hand, pecksniff::large, pecksniff::order, pecksniff::wholesale" "12403"
"12404" "" "12404"
"12405" "" "12405"
"12406" "" "12406"
"12407" "" "12407"
"12408" "" "12408"
"12409" "" "12409"
"12410" "" "12410"
"12411" "" "12411"
"12412" "" "12412"
"12413" "" "12413"
"12414" "" "12414"
"12415" "" "12415"
"12416" "" "12416"
"12417" "" "12417"
"12418" "" "12418"
"12419" "jonas::daughter, pecksniff::daughter" "12419"
"12420" "" "12420"
"12421" "" "12421"
"12422" "pecksniff::street" "12422"
"12423" "" "12423"
"12424" "jonas::talk" "12424"
"12425" "" "12425"
"12426" "" "12426"
"12427" "" "12427"
"12428" "" "12428"
"12429" "" "12429"
"12430" "" "12430"
"12431" "" "12431"
"12432" "" "12432"
"12433" "" "12433"
"12434" "" "12434"
"12435" "" "12435"
"12436" "" "12436"
"12437" "" "12437"
"12438" "" "12438"
"12439" "" "12439"
"12440" "" "12440"
"12441" "" "12441"
"12442" "pecksniff::near, pecksniff::position, pecksniff::sense" "12442"
"12443" "pecksniff::position" "12443"
"12444" "" "12444"
"12445" "" "12445"
"12446" "jonas::carriage" "12446"
"12447" "" "12447"
"12448" "pecksniff::money" "12448"
"12449" "" "12449"
"12450" "" "12450"
"12451" "" "12451"
"12452" "" "12452"
"12453" "" "12453"
"12454" "" "12454"
"12455" "" "12455"
"12456" "" "12456"
"12457" "" "12457"
"12458" "ecod::can, jonas::can, pecksniff::can" "12458"
"12459" "" "12459"
"12460" "" "12460"
"12461" "" "12461"
"12462" "jonas::structure" "12462"
"12463" "" "12463"
"12464" "" "12464"
"12465" "" "12465"
"12466" "" "12466"
"12467" "jonas_pecksniff::hand" "12467"
"12468" "jonas::person" "12468"
"12469" "jonas::hand" "12469"
"12470" "" "12470"
"12471" "" "12471"
"12472" "" "12472"
"12473" "" "12473"
"12474" "" "12474"
"12475" "pecksniff::#-attempt" "12475"
"12476" "pecksniff::polite" "12476"
"12477" "" "12477"
"12478" "jonas::cold, pecksniff::cold" "12478"
"12479" "" "12479"
"12480" "" "12480"
"12481" "pecksniff::green" "12481"
"12482" "" "12482"
"12483" "" "12483"
"12484" "montague::natural, pecksniff::natural" "12484"
"12485" "" "12485"
"12486" "" "12486"
"12487" "" "12487"
"12488" "" "12488"
"12489" "montague::can" "12489"
"12490" "pecksniff::hand" "12490"
"12491" "" "12491"
"12492" "" "12492"
"12493" "" "12493"
"12494" "" "12494"
"12495" "" "12495"
"12496" "" "12496"
"12497" "" "12497"
"12498" "jonas::can" "12498"
"12499" "" "12499"
"12500" "" "12500"
"12501" "" "12501"
"12502" "" "12502"
"12503" "" "12503"
"12504" "" "12504"
"12505" "" "12505"
"12506" "" "12506"
"12507" "" "12507"
"12508" "" "12508"
"12509" "" "12509"
"12510" "" "12510"
"12511" "" "12511"
"12512" "" "12512"
"12513" "" "12513"
"12514" "" "12514"
"12515" "" "12515"
"12516" "" "12516"
"12517" "" "12517"
"12518" "" "12518"
"12519" "pecksniff::gentle, pecksniff::position" "12519"
"12520" "montague::station" "12520"
"12521" "montague::thought, pecksniff::thought" "12521"
"12522" "montague::back, pecksniff::back" "12522"
"12523" "" "12523"
"12524" "" "12524"
"12525" "" "12525"
"12526" "" "12526"
"12527" "jonas::little, montague::little, pecksniff::little" "12527"
"12528" "pecksniff::thought" "12528"
"12529" "" "12529"
"12530" "" "12530"
"12531" "" "12531"
"12532" "" "12532"
"12533" "" "12533"
"12534" "" "12534"
"12535" "" "12535"
"12536" "" "12536"
"12537" "" "12537"
"12538" "" "12538"
"12539" "mrs_lupin::found, pecksniff::found" "12539"
"12540" "" "12540"
"12541" "" "12541"
"12542" "" "12542"
"12543" "" "12543"
"12544" "mrs_lupin::hope, mrs_lupin::two" "12544"
"12545" "" "12545"
"12546" "" "12546"
"12547" "" "12547"
"12548" "" "12548"
"12549" "" "12549"
"12550" "" "12550"
"12551" "" "12551"
"12552" "mrs_lupin::sigh" "12552"
"12553" "" "12553"
"12554" "pecksniff::hand" "12554"
"12555" "" "12555"
"12556" "" "12556"
"12557" "mrs_lupin::gold, mrs_lupin::hand" "12557"
"12558" "" "12558"
"12559" "" "12559"
"12560" "" "12560"
"12561" "" "12561"
"12562" "" "12562"
"12563" "" "12563"
"12564" "jonas::name, jonas::stamp" "12564"
"12565" "" "12565"
"12566" "" "12566"
"12567" "pecksniff::can" "12567"
"12568" "" "12568"
"12569" "" "12569"
"12570" "" "12570"
"12571" "" "12571"
"12572" "jonas::work, montague::work" "12572"
"12573" "" "12573"
"12574" "" "12574"
"12575" "" "12575"
"12576" "jonas::name" "12576"
"12577" "jonas::back" "12577"
"12578" "" "12578"
"12579" "" "12579"
"12580" "" "12580"
"12581" "" "12581"
"12582" "" "12582"
"12583" "" "12583"
"12584" "" "12584"
"12585" "" "12585"
"12586" "" "12586"
"12587" "" "12587"
"12588" "" "12588"
"12589" "" "12589"
"12590" "" "12590"
"12591" "" "12591"
"12592" "" "12592"
"12593" "" "12593"
"12594" "" "12594"
"12595" "tom_pinch::time" "12595"
"12596" "" "12596"
"12597" "tom::little, tom::plot" "12597"
"12598" "" "12598"
"12599" "" "12599"
"12600" "" "12600"
"12601" "" "12601"
"12602" "" "12602"
"12603" "ruth::love" "12603"
"12604" "" "12604"
"12605" "" "12605"
"12606" "" "12606"
"12607" "tom::little" "12607"
"12608" "" "12608"
"12609" "" "12609"
"12610" "" "12610"
"12611" "westlock::open, westlock::public" "12611"
"12612" "" "12612"
"12613" "" "12613"
"12614" "" "12614"
"12615" "westlock::little" "12615"
"12616" "" "12616"
"12617" "" "12617"
"12618" "" "12618"
"12619" "john_westlock::little" "12619"
"12620" "" "12620"
"12621" "" "12621"
"12622" "" "12622"
"12623" "" "12623"
"12624" "john::waiting" "12624"
"12625" "" "12625"
"12626" "john::first" "12626"
"12627" "" "12627"
"12628" "" "12628"
"12629" "" "12629"
"12630" "" "12630"
"12631" "" "12631"
"12632" "" "12632"
"12633" "tom::found" "12633"
"12634" "tom::distance" "12634"
"12635" "" "12635"
"12636" "" "12636"
"12637" "ruth::little" "12637"
"12638" "john::little, john::time, tom::little, tom::time" "12638"
"12639" "" "12639"
"12640" "tom::two" "12640"
"12641" "" "12641"
"12642" "" "12642"
"12643" "" "12643"
"12644" "" "12644"
"12645" "" "12645"
"12646" "" "12646"
"12647" "" "12647"
"12648" "john::#-wonder" "12648"
"12649" "john::wonder" "12649"
"12650" "" "12650"
"12651" "" "12651"
"12652" "" "12652"
"12653" "" "12653"
"12654" "" "12654"
"12655" "tom::street" "12655"
"12656" "" "12656"
"12657" "" "12657"
"12658" "" "12658"
"12659" "" "12659"
"12660" "" "12660"
"12661" "" "12661"
"12662" "" "12662"
"12663" "" "12663"
"12664" "tom::little" "12664"
"12665" "" "12665"
"12666" "john::can" "12666"
"12667" "" "12667"
"12668" "" "12668"
"12669" "john::known, john::little" "12669"
"12670" "" "12670"
"12671" "tom::account" "12671"
"12672" "" "12672"
"12673" "" "12673"
"12674" "" "12674"
"12675" "" "12675"
"12676" "" "12676"
"12677" "" "12677"
"12678" "tom::present" "12678"
"12679" "" "12679"
"12680" "john_westlock::laugh, john_westlock::street, john_westlock::temper, tom::laugh, tom::street, tom::temper" "12680"
"12681" "" "12681"
"12682" "john::comfortable" "12682"
"12683" "john::comfortable" "12683"
"12684" "" "12684"
"12685" "" "12685"
"12686" "" "12686"
"12687" "" "12687"
"12688" "" "12688"
"12689" "" "12689"
"12690" "" "12690"
"12691" "" "12691"
"12692" "" "12692"
"12693" "" "12693"
"12694" "" "12694"
"12695" "" "12695"
"12696" "" "12696"
"12697" "" "12697"
"12698" "" "12698"
"12699" "" "12699"
"12700" "" "12700"
"12701" "" "12701"
"12702" "john::thought" "12702"
"12703" "john::can, john::comfortable, tom_pinch::can, tom_pinch::comfortable" "12703"
"12704" "" "12704"
"12705" "" "12705"
"12706" "ruth::little, westlock::little" "12706"
"12707" "" "12707"
"12708" "tom::time" "12708"
"12709" "" "12709"
"12710" "" "12710"
"12711" "gamp::name" "12711"
"12712" "tom::secret" "12712"
"12713" "" "12713"
"12714" "john_westlock::mere, john_westlock::room, ruth::mere, ruth::room" "12714"
"12715" "john::secret, tom::secret" "12715"
"12716" "" "12716"
"12717" "tom::strange" "12717"
"12718" "john::hand, pecksniff::hand" "12718"
"12719" "" "12719"
"12720" "" "12720"
"12721" "" "12721"
"12722" "tom::work" "12722"
"12723" "" "12723"
"12724" "" "12724"
"12725" "tom_pinch::rely" "12725"
"12726" "john_westlock::little, john::little, ruth::little" "12726"
"12727" "" "12727"
"12728" "" "12728"
"12729" "" "12729"
"12730" "" "12730"
"12731" "ruth::little" "12731"
"12732" "" "12732"
"12733" "" "12733"
"12734" "" "12734"
"12735" "john::delightful, tom::delightful" "12735"
"12736" "" "12736"
"12737" "" "12737"
"12738" "" "12738"
"12739" "" "12739"
"12740" "" "12740"
"12741" "" "12741"
"12742" "tom::window" "12742"
"12743" "tom::hand" "12743"
"12744" "" "12744"
"12745" "" "12745"
"12746" "tom::little, tom::thought" "12746"
"12747" "" "12747"
"12748" "" "12748"
"12749" "" "12749"
"12750" "" "12750"
"12751" "" "12751"
"12752" "tom::joyous, tom::little, tom::time, tom::wicked" "12752"
"12753" "" "12753"
"12754" "" "12754"
"12755" "ruth::ready, ruth::time" "12755"
"12756" "" "12756"
"12757" "" "12757"
"12758" "" "12758"
"12759" "" "12759"
"12760" "" "12760"
"12761" "" "12761"
"12762" "" "12762"
"12763" "tom::cold" "12763"
"12764" "tom::distance" "12764"
"12765" "" "12765"
"12766" "" "12766"
"12767" "" "12767"
"12768" "" "12768"
"12769" "" "12769"
"12770" "ruth::history, tom::history" "12770"
"12771" "" "12771"
"12772" "" "12772"
"12773" "" "12773"
"12774" "tom::hope" "12774"
"12775" "" "12775"
"12776" "" "12776"
"12777" "tom::little" "12777"
"12778" "" "12778"
"12779" "tom::full, tom::touch" "12779"
"12780" "" "12780"
"12781" "" "12781"
"12782" "" "12782"
"12783" "" "12783"
"12784" "" "12784"
"12785" "" "12785"
"12786" "" "12786"
"12787" "tom::little" "12787"
"12788" "" "12788"
"12789" "" "12789"
"12790" "" "12790"
"12791" "" "12791"
"12792" "" "12792"
"12793" "" "12793"
"12794" "" "12794"
"12795" "pecksniff::window" "12795"
"12796" "" "12796"
"12797" "" "12797"
"12798" "pecksniff::can" "12798"
"12799" "" "12799"
"12800" "" "12800"
"12801" "" "12801"
"12802" "" "12802"
"12803" "pecksniff::earth" "12803"
"12804" "" "12804"
"12805" "" "12805"
"12806" "jonas::female, pecksniff::female, tom::female" "12806"
"12807" "" "12807"
"12808" "" "12808"
"12809" "" "12809"
"12810" "" "12810"
"12811" "" "12811"
"12812" "" "12812"
"12813" "" "12813"
"12814" "" "12814"
"12815" "" "12815"
"12816" "" "12816"
"12817" "moddle::sigh, moddle::window" "12817"
"12818" "pecksniff::hand" "12818"
"12819" "" "12819"
"12820" "" "12820"
"12821" "" "12821"
"12822" "cherry::#-use" "12822"
"12823" "" "12823"
"12824" "" "12824"
"12825" "" "12825"
"12826" "" "12826"
"12827" "" "12827"
"12828" "" "12828"
"12829" "" "12829"
"12830" "" "12830"
"12831" "" "12831"
"12832" "" "12832"
"12833" "" "12833"
"12834" "" "12834"
"12835" "" "12835"
"12836" "" "12836"
"12837" "" "12837"
"12838" "pecksniff::curious, pecksniff::first, ruth::curious, ruth::first" "12838"
"12839" "" "12839"
"12840" "" "12840"
"12841" "" "12841"
"12842" "" "12842"
"12843" "" "12843"
"12844" "" "12844"
"12845" "augustus::known, pecksniff::known" "12845"
"12846" "augustus::ready, pecksniff::ready" "12846"
"12847" "" "12847"
"12848" "" "12848"
"12849" "" "12849"
"12850" "" "12850"
"12851" "" "12851"
"12852" "" "12852"
"12853" "" "12853"
"12854" "" "12854"
"12855" "" "12855"
"12856" "augustus_moddle::driving, augustus_moddle::person, augustus_moddle::time" "12856"
"12857" "pecksniff::full, ruth::full" "12857"
"12858" "pecksniff::comfortable" "12858"
"12859" "" "12859"
"12860" "" "12860"
"12861" "" "12861"
"12862" "" "12862"
"12863" "" "12863"
"12864" "" "12864"
"12865" "" "12865"
"12866" "" "12866"
"12867" "" "12867"
"12868" "" "12868"
"12869" "" "12869"
"12870" "" "12870"
"12871" "" "12871"
"12872" "" "12872"
"12873" "" "12873"
"12874" "" "12874"
"12875" "tom::laugh" "12875"
"12876" "" "12876"
"12877" "" "12877"
"12878" "" "12878"
"12879" "" "12879"
"12880" "" "12880"
"12881" "" "12881"
"12882" "" "12882"
"12883" "" "12883"
"12884" "tom::doubtful" "12884"
"12885" "" "12885"
"12886" "tom::idea" "12886"
"12887" "tom::account" "12887"
"12888" "" "12888"
"12889" "" "12889"
"12890" "" "12890"
"12891" "" "12891"
"12892" "" "12892"
"12893" "tom::position" "12893"
"12894" "tom::time" "12894"
"12895" "" "12895"
"12896" "" "12896"
"12897" "" "12897"
"12898" "" "12898"
"12899" "mr_chuffey::#-use" "12899"
"12900" "" "12900"
"12901" "" "12901"
"12902" "" "12902"
"12903" "moddle::little" "12903"
"12904" "" "12904"
"12905" "pecksniff::watery" "12905"
"12906" "" "12906"
"12907" "" "12907"
"12908" "" "12908"
"12909" "mrs_gamp::can, mrs_gamp::large" "12909"
"12910" "mrs_gamp::bow" "12910"
"12911" "" "12911"
"12912" "" "12912"
"12913" "" "12913"
"12914" "" "12914"
"12915" "" "12915"
"12916" "" "12916"
"12917" "" "12917"
"12918" "harris::back, harris::money" "12918"
"12919" "" "12919"
"12920" "mrs_gamp::round, mrs_harris::round" "12920"
"12921" "" "12921"
"12922" "chuffey::little" "12922"
"12923" "" "12923"
"12924" "" "12924"
"12925" "chuffey::room, chuffey::round" "12925"
"12926" "" "12926"
"12927" "" "12927"
"12928" "" "12928"
"12929" "" "12929"
"12930" "" "12930"
"12931" "" "12931"
"12932" "tom::hand" "12932"
"12933" "tom::sad" "12933"
"12934" "" "12934"
"12935" "" "12935"
"12936" "" "12936"
"12937" "" "12937"
"12938" "" "12938"
"12939" "" "12939"
"12940" "" "12940"
"12941" "" "12941"
"12942" "mrs_gamp::hand" "12942"
"12943" "" "12943"
"12944" "" "12944"
"12945" "" "12945"
"12946" "" "12946"
"12947" "" "12947"
"12948" "chuffey::bitter, chuffey::little, mrs_gamp::bitter, mrs_gamp::little" "12948"
"12949" "chuffey::#-account, chuffey::first" "12949"
"12950" "chuffey::request, mrs_jonas::request" "12950"
"12951" "" "12951"
"12952" "" "12952"
"12953" "" "12953"
"12954" "" "12954"
"12955" "" "12955"
"12956" "" "12956"
"12957" "" "12957"
"12958" "" "12958"
"12959" "" "12959"
"12960" "" "12960"
"12961" "" "12961"
"12962" "" "12962"
"12963" "" "12963"
"12964" "ruth::strange, tom::strange" "12964"
"12965" "ruth::round, tom::round" "12965"
"12966" "" "12966"
"12967" "" "12967"
"12968" "" "12968"
"12969" "" "12969"
"12970" "" "12970"
"12971" "" "12971"
"12972" "" "12972"
"12973" "" "12973"
"12974" "" "12974"
"12975" "" "12975"
"12976" "" "12976"
"12977" "" "12977"
"12978" "" "12978"
"12979" "" "12979"
"12980" "" "12980"
"12981" "" "12981"
"12982" "" "12982"
"12983" "" "12983"
"12984" "" "12984"
"12985" "" "12985"
"12986" "" "12986"
"12987" "" "12987"
"12988" "" "12988"
"12989" "" "12989"
"12990" "" "12990"
"12991" "" "12991"
"12992" "jonas::room" "12992"
"12993" "anthony::room" "12993"
"12994" "anthony::deserted, anthony::fancy" "12994"
"12995" "" "12995"
"12996" "" "12996"
"12997" "" "12997"
"12998" "" "12998"
"12999" "" "12999"
"13000" "" "13000"
"13001" "" "13001"
"13002" "" "13002"
"13003" "" "13003"
"13004" "" "13004"
"13005" "" "13005"
"13006" "" "13006"
"13007" "" "13007"
"13008" "" "13008"
"13009" "" "13009"
"13010" "" "13010"
"13011" "" "13011"
"13012" "mrs_gamp::school, mrs_gamp::two" "13012"
"13013" "" "13013"
"13014" "mrs_gamp::black, mrs_gamp::scientific" "13014"
"13015" "" "13015"
"13016" "" "13016"
"13017" "" "13017"
"13018" "" "13018"
"13019" "" "13019"
"13020" "" "13020"
"13021" "" "13021"
"13022" "" "13022"
"13023" "" "13023"
"13024" "" "13024"
"13025" "mr_pinch::hope" "13025"
"13026" "" "13026"
"13027" "mr_pinch::store" "13027"
"13028" "" "13028"
"13029" "" "13029"
"13030" "" "13030"
"13031" "ruth::time" "13031"
"13032" "" "13032"
"13033" "" "13033"
"13034" "ruth::lock, ruth::room" "13034"
"13035" "" "13035"
"13036" "" "13036"
"13037" "" "13037"
"13038" "" "13038"
"13039" "" "13039"
"13040" "jonas::hand" "13040"
"13041" "pecksniff::time" "13041"
"13042" "" "13042"
"13043" "" "13043"
"13044" "" "13044"
"13045" "" "13045"
"13046" "augustus::love" "13046"
"13047" "" "13047"
"13048" "" "13048"
"13049" "" "13049"
"13050" "" "13050"
"13051" "" "13051"
"13052" "" "13052"
"13053" "" "13053"
"13054" "" "13054"
"13055" "" "13055"
"13056" "" "13056"
"13057" "" "13057"
"13058" "" "13058"
"13059" "" "13059"
"13060" "" "13060"
"13061" "augustus::command, pecksniff::command" "13061"
"13062" "" "13062"
"13063" "jonas::back, jonas::order, jonas::street, jonas::time, pecksniff::back, pecksniff::order, pecksniff::street, pecksniff::time, tom::back, tom::order, tom::street, tom::time" "13063"
"13064" "tom::waiting" "13064"
"13065" "" "13065"
"13066" "" "13066"
"13067" "" "13067"
"13068" "tom::open" "13068"
"13069" "" "13069"
"13070" "" "13070"
"13071" "" "13071"
"13072" "" "13072"
"13073" "" "13073"
"13074" "tom::waste, tut::waste" "13074"
"13075" "" "13075"
"13076" "" "13076"
"13077" "" "13077"
"13078" "" "13078"
"13079" "mrs_gamp::mere" "13079"
"13080" "nadgett::name, tom::name" "13080"
"13081" "jonas::black, jonas::name, tom::black, tom::name" "13081"
"13082" "jonas::round, tom::round" "13082"
"13083" "" "13083"
"13084" "jonas::fear, tom::fear" "13084"
"13085" "" "13085"
"13086" "" "13086"
"13087" "" "13087"
"13088" "" "13088"
"13089" "" "13089"
"13090" "" "13090"
"13091" "" "13091"
"13092" "" "13092"
"13093" "" "13093"
"13094" "" "13094"
"13095" "" "13095"
"13096" "" "13096"
"13097" "" "13097"
"13098" "" "13098"
"13099" "" "13099"
"13100" "" "13100"
"13101" "" "13101"
"13102" "" "13102"
"13103" "" "13103"
"13104" "" "13104"
"13105" "" "13105"
"13106" "" "13106"
"13107" "" "13107"
"13108" "" "13108"
"13109" "" "13109"
"13110" "" "13110"
"13111" "" "13111"
"13112" "" "13112"
"13113" "" "13113"
"13114" "" "13114"
"13115" "" "13115"
"13116" "" "13116"
"13117" "" "13117"
"13118" "" "13118"
"13119" "" "13119"
"13120" "" "13120"
"13121" "" "13121"
"13122" "" "13122"
"13123" "" "13123"
"13124" "" "13124"
"13125" "" "13125"
"13126" "" "13126"
"13127" "" "13127"
"13128" "" "13128"
"13129" "" "13129"
"13130" "" "13130"
"13131" "" "13131"
"13132" "" "13132"
"13133" "" "13133"
"13134" "" "13134"
"13135" "" "13135"
"13136" "" "13136"
"13137" "" "13137"
"13138" "" "13138"
"13139" "" "13139"
"13140" "" "13140"
"13141" "jonas::name, jonas::strange, mrs_harris::name, mrs_harris::strange" "13141"
"13142" "" "13142"
"13143" "" "13143"
"13144" "mrs_gamp::#-wonder" "13144"
"13145" "" "13145"
"13146" "" "13146"
"13147" "gamp::hand" "13147"
"13148" "mrs_harris::round, sairey_gamp::round" "13148"
"13149" "" "13149"
"13150" "" "13150"
"13151" "" "13151"
"13152" "anthony::little, jonas::little" "13152"
"13153" "" "13153"
"13154" "" "13154"
"13155" "" "13155"
"13156" "" "13156"
"13157" "" "13157"
"13158" "" "13158"
"13159" "" "13159"
"13160" "" "13160"
"13161" "" "13161"
"13162" "" "13162"
"13163" "" "13163"
"13164" "betsey_prig::driving, chuffey::driving, mrs_gamp::driving" "13164"
"13165" "" "13165"
"13166" "jonas::room, mrs_gamp::room" "13166"
"13167" "" "13167"
"13168" "" "13168"
"13169" "" "13169"
"13170" "" "13170"
"13171" "" "13171"
"13172" "" "13172"
"13173" "" "13173"
"13174" "" "13174"
"13175" "" "13175"
"13176" "" "13176"
"13177" "" "13177"
"13178" "" "13178"
"13179" "" "13179"
"13180" "" "13180"
"13181" "" "13181"
"13182" "" "13182"
"13183" "" "13183"
"13184" "" "13184"
"13185" "" "13185"
"13186" "" "13186"
"13187" "" "13187"
"13188" "" "13188"
"13189" "" "13189"
"13190" "" "13190"
"13191" "" "13191"
"13192" "" "13192"
"13193" "" "13193"
"13194" "" "13194"
"13195" "" "13195"
"13196" "" "13196"
"13197" "anthony_chuzzlewit::little, anthony_chuzzlewit::spare" "13197"
"13198" "" "13198"
"13199" "" "13199"
"13200" "" "13200"
"13201" "" "13201"
"13202" "" "13202"
"13203" "" "13203"
"13204" "" "13204"
"13205" "" "13205"
"13206" "" "13206"
"13207" "" "13207"
"13208" "" "13208"
"13209" "" "13209"
"13210" "" "13210"
"13211" "" "13211"
"13212" "" "13212"
"13213" "" "13213"
"13214" "" "13214"
"13215" "" "13215"
"13216" "" "13216"
"13217" "" "13217"
"13218" "" "13218"
"13219" "" "13219"
"13220" "" "13220"
"13221" "" "13221"
"13222" "" "13222"
"13223" "" "13223"
"13224" "" "13224"
"13225" "" "13225"
"13226" "" "13226"
"13227" "" "13227"
"13228" "" "13228"
"13229" "cain::guard" "13229"
"13230" "" "13230"
"13231" "" "13231"
"13232" "" "13232"
"13233" "" "13233"
"13234" "" "13234"
"13235" "" "13235"
"13236" "" "13236"
"13237" "" "13237"
"13238" "" "13238"
"13239" "" "13239"
"13240" "" "13240"
"13241" "" "13241"
"13242" "" "13242"
"13243" "" "13243"
"13244" "" "13244"
"13245" "" "13245"
"13246" "" "13246"
"13247" "" "13247"
"13248" "" "13248"
"13249" "" "13249"
"13250" "" "13250"
"13251" "" "13251"
"13252" "" "13252"
"13253" "" "13253"
"13254" "" "13254"
"13255" "" "13255"
"13256" "" "13256"
"13257" "" "13257"
"13258" "" "13258"
"13259" "" "13259"
"13260" "" "13260"
"13261" "" "13261"
"13262" "" "13262"
"13263" "" "13263"
"13264" "" "13264"
"13265" "" "13265"
"13266" "" "13266"
"13267" "" "13267"
"13268" "" "13268"
"13269" "" "13269"
"13270" "" "13270"
"13271" "" "13271"
"13272" "" "13272"
"13273" "" "13273"
"13274" "" "13274"
"13275" "" "13275"
"13276" "" "13276"
"13277" "" "13277"
"13278" "" "13278"
"13279" "" "13279"
"13280" "" "13280"
"13281" "" "13281"
"13282" "pecksniff::distance" "13282"
"13283" "" "13283"
"13284" "jonas::dinner" "13284"
"13285" "" "13285"
"13286" "" "13286"
"13287" "" "13287"
"13288" "" "13288"
"13289" "" "13289"
"13290" "" "13290"
"13291" "" "13291"
"13292" "" "13292"
"13293" "" "13293"
"13294" "montague::hope" "13294"
"13295" "" "13295"
"13296" "" "13296"
"13297" "" "13297"
"13298" "montague::hand, pecksniff::hand" "13298"
"13299" "montague::partner, pecksniff::partner" "13299"
"13300" "montague::wine, pecksniff::wine" "13300"
"13301" "" "13301"
"13302" "montague::round, pecksniff::round" "13302"
"13303" "montague::cold, montague::waste, pecksniff::cold, pecksniff::waste" "13303"
"13304" "montague::cold, montague::sky, montague::warm, pecksniff::cold, pecksniff::sky, pecksniff::warm" "13304"
"13305" "montague::back, pecksniff::back" "13305"
"13306" "" "13306"
"13307" "" "13307"
"13308" "montague::birds, pecksniff::birds" "13308"
"13309" "" "13309"
"13310" "montague::distance, pecksniff::distance" "13310"
"13311" "montague::round, pecksniff::round" "13311"
"13312" "" "13312"
"13313" "" "13313"
"13314" "" "13314"
"13315" "" "13315"
"13316" "" "13316"
"13317" "" "13317"
"13318" "" "13318"
"13319" "" "13319"
"13320" "" "13320"
"13321" "" "13321"
"13322" "" "13322"
"13323" "" "13323"
"13324" "" "13324"
"13325" "" "13325"
"13326" "" "13326"
"13327" "" "13327"
"13328" "" "13328"
"13329" "" "13329"
"13330" "" "13330"
"13331" "" "13331"
"13332" "" "13332"
"13333" "" "13333"
"13334" "" "13334"
"13335" "" "13335"
"13336" "" "13336"
"13337" "" "13337"
"13338" "" "13338"
"13339" "" "13339"
"13340" "" "13340"
"13341" "" "13341"
"13342" "" "13342"
"13343" "" "13343"
"13344" "" "13344"
"13345" "" "13345"
"13346" "" "13346"
"13347" "" "13347"
"13348" "" "13348"
"13349" "" "13349"
"13350" "" "13350"
"13351" "" "13351"
"13352" "" "13352"
"13353" "" "13353"
"13354" "" "13354"
"13355" "" "13355"
"13356" "" "13356"
"13357" "" "13357"
"13358" "" "13358"
"13359" "" "13359"
"13360" "" "13360"
"13361" "" "13361"
"13362" "" "13362"
"13363" "" "13363"
"13364" "" "13364"
"13365" "" "13365"
"13366" "" "13366"
"13367" "" "13367"
"13368" "" "13368"
"13369" "" "13369"
"13370" "" "13370"
"13371" "" "13371"
"13372" "" "13372"
"13373" "" "13373"
"13374" "" "13374"
"13375" "" "13375"
"13376" "" "13376"
"13377" "" "13377"
"13378" "" "13378"
"13379" "" "13379"
"13380" "" "13380"
"13381" "" "13381"
"13382" "" "13382"
"13383" "" "13383"
"13384" "" "13384"
"13385" "" "13385"
"13386" "" "13386"
"13387" "" "13387"
"13388" "" "13388"
"13389" "" "13389"
"13390" "" "13390"
"13391" "" "13391"
"13392" "" "13392"
"13393" "" "13393"
"13394" "" "13394"
"13395" "" "13395"
"13396" "" "13396"
"13397" "" "13397"
"13398" "" "13398"
"13399" "" "13399"
"13400" "" "13400"
"13401" "" "13401"
"13402" "" "13402"
"13403" "" "13403"
"13404" "" "13404"
"13405" "" "13405"
"13406" "" "13406"
"13407" "" "13407"
"13408" "nadgett::little" "13408"
"13409" "nadgett::street, nadgett::window" "13409"
"13410" "" "13410"
"13411" "" "13411"
"13412" "jonas::#-object, jonas::thought" "13412"
"13413" "" "13413"
"13414" "" "13414"
"13415" "jonas::time" "13415"
"13416" "" "13416"
"13417" "" "13417"
"13418" "jonas::thought" "13418"
"13419" "jonas::guard" "13419"
"13420" "jonas::back, jonas::talked" "13420"
"13421" "" "13421"
"13422" "jonas::present" "13422"
"13423" "" "13423"
"13424" "" "13424"
"13425" "" "13425"
"13426" "" "13426"
"13427" "ruth::little, ruth::money, tom::little, tom::money" "13427"
"13428" "" "13428"
"13429" "" "13429"
"13430" "tom::scrape" "13430"
"13431" "" "13431"
"13432" "" "13432"
"13433" "" "13433"
"13434" "" "13434"
"13435" "" "13435"
"13436" "tom::can" "13436"
"13437" "" "13437"
"13438" "" "13438"
"13439" "john::little, tom::little" "13439"
"13440" "" "13440"
"13441" "" "13441"
"13442" "" "13442"
"13443" "tom_pinch::name, tom_pinch::person" "13443"
"13444" "" "13444"
"13445" "tom::first" "13445"
"13446" "" "13446"
"13447" "" "13447"
"13448" "" "13448"
"13449" "" "13449"
"13450" "" "13450"
"13451" "" "13451"
"13452" "tom::delightful" "13452"
"13453" "" "13453"
"13454" "" "13454"
"13455" "chuzzlewit::love" "13455"
"13456" "" "13456"
"13457" "" "13457"
"13458" "" "13458"
"13459" "" "13459"
"13460" "" "13460"
"13461" "" "13461"
"13462" "john_westlock::dinner, martin::dinner" "13462"
"13463" "" "13463"
"13464" "mark_tapley::love" "13464"
"13465" "" "13465"
"13466" "" "13466"
"13467" "tapley::first" "13467"
"13468" "" "13468"
"13469" "" "13469"
"13470" "" "13470"
"13471" "" "13471"
"13472" "tom::excuse" "13472"
"13473" "" "13473"
"13474" "" "13474"
"13475" "" "13475"
"13476" "mark_tapley::known, mark::known, tapley::known, tom_pinch::known, tom::known" "13476"
"13477" "" "13477"
"13478" "" "13478"
"13479" "" "13479"
"13480" "" "13480"
"13481" "" "13481"
"13482" "" "13482"
"13483" "" "13483"
"13484" "" "13484"
"13485" "" "13485"
"13486" "martin::little, pecksniff::little, tom::little" "13486"
"13487" "tom::can" "13487"
"13488" "" "13488"
"13489" "mary::back, tom::back" "13489"
"13490" "martin::store, mary::store, tom::store" "13490"
"13491" "" "13491"
"13492" "" "13492"
"13493" "" "13493"
"13494" "" "13494"
"13495" "martin::name" "13495"
"13496" "" "13496"
"13497" "" "13497"
"13498" "" "13498"
"13499" "" "13499"
"13500" "" "13500"
"13501" "" "13501"
"13502" "" "13502"
"13503" "" "13503"
"13504" "" "13504"
"13505" "martin::time" "13505"
"13506" "martin::time" "13506"
"13507" "martin::time" "13507"
"13508" "" "13508"
"13509" "" "13509"
"13510" "" "13510"
"13511" "" "13511"
"13512" "" "13512"
"13513" "" "13513"
"13514" "" "13514"
"13515" "" "13515"
"13516" "tom::#-time" "13516"
"13517" "" "13517"
"13518" "" "13518"
"13519" "" "13519"
"13520" "martin::rest" "13520"
"13521" "martin::little, tom::little" "13521"
"13522" "" "13522"
"13523" "" "13523"
"13524" "" "13524"
"13525" "" "13525"
"13526" "" "13526"
"13527" "" "13527"
"13528" "" "13528"
"13529" "" "13529"
"13530" "" "13530"
"13531" "" "13531"
"13532" "john::room" "13532"
"13533" "" "13533"
"13534" "john_westlock::unusual, martin::unusual, tom_pinch::unusual" "13534"
"13535" "john_westlock::thought, martin::thought, tom_pinch::thought" "13535"
"13536" "" "13536"
"13537" "john::time" "13537"
"13538" "" "13538"
"13539" "" "13539"
"13540" "" "13540"
"13541" "" "13541"
"13542" "" "13542"
"13543" "" "13543"
"13544" "" "13544"
"13545" "" "13545"
"13546" "" "13546"
"13547" "" "13547"
"13548" "" "13548"
"13549" "" "13549"
"13550" "" "13550"
"13551" "" "13551"
"13552" "mark::line, tom::line" "13552"
"13553" "" "13553"
"13554" "" "13554"
"13555" "" "13555"
"13556" "" "13556"
"13557" "" "13557"
"13558" "" "13558"
"13559" "" "13559"
"13560" "" "13560"
"13561" "" "13561"
"13562" "" "13562"
"13563" "" "13563"
"13564" "" "13564"
"13565" "" "13565"
"13566" "" "13566"
"13567" "" "13567"
"13568" "mark::earth, mark::first, mark::time, tapley::earth, tapley::first, tapley::time" "13568"
"13569" "" "13569"
"13570" "" "13570"
"13571" "" "13571"
"13572" "" "13572"
"13573" "" "13573"
"13574" "" "13574"
"13575" "" "13575"
"13576" "" "13576"
"13577" "" "13577"
"13578" "" "13578"
"13579" "" "13579"
"13580" "" "13580"
"13581" "" "13581"
"13582" "" "13582"
"13583" "" "13583"
"13584" "" "13584"
"13585" "" "13585"
"13586" "" "13586"
"13587" "tapley::back, tapley::dry, tapley::leg" "13587"
"13588" "" "13588"
"13589" "" "13589"
"13590" "wery::time" "13590"
"13591" "" "13591"
"13592" "" "13592"
"13593" "" "13593"
"13594" "" "13594"
"13595" "" "13595"
"13596" "" "13596"
"13597" "" "13597"
"13598" "" "13598"
"13599" "" "13599"
"13600" "" "13600"
"13601" "pecksniff::temper" "13601"
"13602" "" "13602"
"13603" "" "13603"
"13604" "" "13604"
"13605" "" "13605"
"13606" "" "13606"
"13607" "john::mere, martin::mere" "13607"
"13608" "" "13608"
"13609" "" "13609"
"13610" "tom::love" "13610"
"13611" "" "13611"
"13612" "" "13612"
"13613" "" "13613"
"13614" "" "13614"
"13615" "" "13615"
"13616" "" "13616"
"13617" "" "13617"
"13618" "martin::deeply, tom::deeply" "13618"
"13619" "john::hand, john::open, martin::hand, martin::open" "13619"
"13620" "" "13620"
"13621" "tom::account" "13621"
"13622" "martin::end, martin::little, martin::two" "13622"
"13623" "" "13623"
"13624" "martin::back" "13624"
"13625" "martin::found, martin::person, martin::room, tom_pinch::found, tom_pinch::person, tom_pinch::room" "13625"
"13626" "martin::black, tom_pinch::black" "13626"
"13627" "" "13627"
"13628" "" "13628"
"13629" "" "13629"
"13630" "john_westlock::name, john_westlock::near, lewsome::name, lewsome::near" "13630"
"13631" "john_westlock::time, lewsome::time" "13631"
"13632" "john_westlock::#-move, martin::#-move" "13632"
"13633" "john::first, john::time, martin::first, martin::time" "13633"
"13634" "john::secret, martin::secret" "13634"
"13635" "" "13635"
"13636" "" "13636"
"13637" "" "13637"
"13638" "" "13638"
"13639" "" "13639"
"13640" "john::charge" "13640"
"13641" "martin::hand" "13641"
"13642" "anthony_chuzzlewit::relation, martin::relation" "13642"
"13643" "anthony_chuzzlewit::fear, martin::fear" "13643"
"13644" "" "13644"
"13645" "" "13645"
"13646" "" "13646"
"13647" "lewsome::fear" "13647"
"13648" "" "13648"
"13649" "" "13649"
"13650" "" "13650"
"13651" "" "13651"
"13652" "john_westlock::story, martin::story" "13652"
"13653" "" "13653"
"13654" "" "13654"
"13655" "" "13655"
"13656" "" "13656"
"13657" "martin::point" "13657"
"13658" "martin::drag" "13658"
"13659" "martin::meeting" "13659"
"13660" "martin::chief" "13660"
"13661" "" "13661"
"13662" "" "13662"
"13663" "" "13663"
"13664" "" "13664"
"13665" "" "13665"
"13666" "" "13666"
"13667" "" "13667"
"13668" "" "13668"
"13669" "" "13669"
"13670" "" "13670"
"13671" "" "13671"
"13672" "" "13672"
"13673" "" "13673"
"13674" "" "13674"
"13675" "" "13675"
"13676" "" "13676"
"13677" "" "13677"
"13678" "" "13678"
"13679" "" "13679"
"13680" "" "13680"
"13681" "" "13681"
"13682" "" "13682"
"13683" "" "13683"
"13684" "" "13684"
"13685" "" "13685"
"13686" "" "13686"
"13687" "" "13687"
"13688" "john_westlock::cats" "13688"
"13689" "westlock::hope" "13689"
"13690" "" "13690"
"13691" "" "13691"
"13692" "" "13692"
"13693" "" "13693"
"13694" "" "13694"
"13695" "" "13695"
"13696" "" "13696"
"13697" "" "13697"
"13698" "" "13698"
"13699" "" "13699"
"13700" "" "13700"
"13701" "" "13701"
"13702" "" "13702"
"13703" "martin::room" "13703"
"13704" "martin::order, martin::time" "13704"
"13705" "john_westlock::known, john_westlock::point, jonas::known, jonas::point, tom_pinch::known, tom_pinch::point" "13705"
"13706" "" "13706"
"13707" "" "13707"
"13708" "tom::person" "13708"
"13709" "tom::account" "13709"
"13710" "jonas::back, jonas::end" "13710"
"13711" "" "13711"
"13712" "" "13712"
"13713" "pecksniff::back, pecksniff::time, tom::back, tom::time" "13713"
"13714" "martin::person, pecksniff::person" "13714"
"13715" "" "13715"
"13716" "" "13716"
"13717" "" "13717"
"13718" "" "13718"
"13719" "" "13719"
"13720" "tapley::ready" "13720"
"13721" "" "13721"
"13722" "chuffey::first" "13722"
"13723" "" "13723"
"13724" "chuffey::end, jonas::end" "13724"
"13725" "" "13725"
"13726" "" "13726"
"13727" "tom::thought" "13727"
"13728" "" "13728"
"13729" "" "13729"
"13730" "mrs_gamp::time, tom::time" "13730"
"13731" "" "13731"
"13732" "" "13732"
"13733" "" "13733"
"13734" "" "13734"
"13735" "john_westlock::determined, john_westlock::first, john_westlock::private, john_westlock::waiting, martin::determined, martin::first, martin::private, martin::waiting, mrs_gamp::determined, mrs_gamp::first, mrs_gamp::private, mrs_gamp::waiting" "13735"
"13736" "" "13736"
"13737" "" "13737"
"13738" "lewsome::fear, tapley::fear" "13738"
"13739" "" "13739"
"13740" "john::successful, martin::successful, pecksniff::successful" "13740"
"13741" "john::successful, pecksniff::successful" "13741"
"13742" "" "13742"
"13743" "john_westlock::wander, martin::wander" "13743"
"13744" "mark::trouble, mark::two" "13744"
"13745" "" "13745"
"13746" "" "13746"
"13747" "" "13747"
"13748" "bardlemy::familiar, barklemy::familiar, bartholomew::familiar, bartlemy::familiar, betsey_prig::familiar, mrs_prig::familiar" "13748"
"13749" "" "13749"
"13750" "" "13750"
"13751" "" "13751"
"13752" "" "13752"
"13753" "bartholomew::little, bartholomew::round" "13753"
"13754" "" "13754"
"13755" "mrs_gamp::box, mrs_gamp::legs" "13755"
"13756" "" "13756"
"13757" "mrs_gamp::end" "13757"
"13758" "mrs_gamp::time" "13758"
"13759" "" "13759"
"13760" "" "13760"
"13761" "gamp::large, gamp::two" "13761"
"13762" "" "13762"
"13763" "" "13763"
"13764" "" "13764"
"13765" "" "13765"
"13766" "mrs_gamp::little" "13766"
"13767" "gamp::hand" "13767"
"13768" "gamp::black, mrs_harris::black" "13768"
"13769" "" "13769"
"13770" "" "13770"
"13771" "betsey_prig::two, mrs_gamp::two" "13771"
"13772" "" "13772"
"13773" "" "13773"
"13774" "" "13774"
"13775" "" "13775"
"13776" "" "13776"
"13777" "" "13777"
"13778" "mrs_gamp::little" "13778"
"13779" "" "13779"
"13780" "" "13780"
"13781" "" "13781"
"13782" "" "13782"
"13783" "" "13783"
"13784" "" "13784"
"13785" "" "13785"
"13786" "" "13786"
"13787" "" "13787"
"13788" "" "13788"
"13789" "" "13789"
"13790" "" "13790"
"13791" "" "13791"
"13792" "" "13792"
"13793" "wilkins::little" "13793"
"13794" "" "13794"
"13795" "" "13795"
"13796" "" "13796"
"13797" "" "13797"
"13798" "" "13798"
"13799" "" "13799"
"13800" "" "13800"
"13801" "" "13801"
"13802" "" "13802"
"13803" "sweedlepipe::account, sweedlepipe::work" "13803"
"13804" "sweedlepipe::boy" "13804"
"13805" "" "13805"
"13806" "" "13806"
"13807" "" "13807"
"13808" "sweedlepipe::full" "13808"
"13809" "" "13809"
"13810" "mrs_gamp::birds, mrs_gamp::little, mrs_gamp::round" "13810"
"13811" "" "13811"
"13812" "mrs_gamp::fresh" "13812"
"13813" "" "13813"
"13814" "" "13814"
"13815" "salisbury::account" "13815"
"13816" "" "13816"
"13817" "" "13817"
"13818" "" "13818"
"13819" "" "13819"
"13820" "david_crimple::money" "13820"
"13821" "bailey::boy, montague::boy" "13821"
"13822" "bailey::join, montague::join" "13822"
"13823" "" "13823"
"13824" "" "13824"
"13825" "" "13825"
"13826" "" "13826"
"13827" "" "13827"
"13828" "jonas::name" "13828"
"13829" "" "13829"
"13830" "montague::found, montague::name, montague::two" "13830"
"13831" "" "13831"
"13832" "montague::back" "13832"
"13833" "" "13833"
"13834" "" "13834"
"13835" "" "13835"
"13836" "" "13836"
"13837" "" "13837"
"13838" "" "13838"
"13839" "" "13839"
"13840" "mrs_gamp::work" "13840"
"13841" "" "13841"
"13842" "betsey_prig::first" "13842"
"13843" "" "13843"
"13844" "" "13844"
"13845" "" "13845"
"13846" "" "13846"
"13847" "" "13847"
"13848" "" "13848"
"13849" "" "13849"
"13850" "" "13850"
"13851" "" "13851"
"13852" "" "13852"
"13853" "" "13853"
"13854" "betsey_prig::talk, mrs_gamp::talk" "13854"
"13855" "" "13855"
"13856" "" "13856"
"13857" "" "13857"
"13858" "" "13858"
"13859" "" "13859"
"13860" "" "13860"
"13861" "" "13861"
"13862" "" "13862"
"13863" "sairah::present" "13863"
"13864" "" "13864"
"13865" "" "13865"
"13866" "" "13866"
"13867" "" "13867"
"13868" "" "13868"
"13869" "" "13869"
"13870" "" "13870"
"13871" "" "13871"
"13872" "betsey::evasive, harris::evasive, mrs_gamp::evasive, mrs_prig::evasive, sairah::evasive" "13872"
"13873" "betsey_prig::reply, mrs_gamps::reply" "13873"
"13874" "" "13874"
"13875" "" "13875"
"13876" "" "13876"
"13877" "" "13877"
"13878" "betsey::back" "13878"
"13879" "harris::back, mrs_gamp::back" "13879"
"13880" "betsey_prig::two, betsey::two, mrs_harris::two" "13880"
"13881" "betsey_prig::depend, betsey::depend, mrs_harris::depend" "13881"
"13882" "" "13882"
"13883" "" "13883"
"13884" "" "13884"
"13885" "betsey::person, betsey::time, gamp::person, gamp::time, mrs_prig::person, mrs_prig::time" "13885"
"13886" "sarah_gamp::first" "13886"
"13887" "" "13887"
"13888" "" "13888"
"13889" "" "13889"
"13890" "sarah_gamp::time" "13890"
"13891" "mrs_gamp::station" "13891"
"13892" "mrs_gamp::little" "13892"
"13893" "" "13893"
"13894" "" "13894"
"13895" "" "13895"
"13896" "sairey::gold" "13896"
"13897" "" "13897"
"13898" "" "13898"
"13899" "harris::name" "13899"
"13900" "betsey_prig::can, betsey_prig::name" "13900"
"13901" "" "13901"
"13902" "betsey::hand" "13902"
"13903" "" "13903"
"13904" "betsey::hand" "13904"
"13905" "betsey::back" "13905"
"13906" "" "13906"
"13907" "" "13907"
"13908" "mrs_gamp::bridge, mrs_gamp::time" "13908"
"13909" "betsey_prig::open, mrs_gamp::open" "13909"
"13910" "" "13910"
"13911" "mrs_gamp::person, mrs_harris::person" "13911"
"13912" "mrs_gamp::end, mrs_gamp::time, mrs_harris::end, mrs_harris::time" "13912"
"13913" "mrs_prig::name, sairey_gamp::name" "13913"
"13914" "" "13914"
"13915" "" "13915"
"13916" "" "13916"
"13917" "" "13917"
"13918" "" "13918"
"13919" "" "13919"
"13920" "" "13920"
"13921" "" "13921"
"13922" "" "13922"
"13923" "" "13923"
"13924" "" "13924"
"13925" "" "13925"
"13926" "" "13926"
"13927" "" "13927"
"13928" "" "13928"
"13929" "" "13929"
"13930" "" "13930"
"13931" "" "13931"
"13932" "" "13932"
"13933" "" "13933"
"13934" "" "13934"
"13935" "" "13935"
"13936" "" "13936"
"13937" "mrs_gamp::room, mrs_prig::room" "13937"
"13938" "" "13938"
"13939" "sweedlepipe::two" "13939"
"13940" "" "13940"
"13941" "" "13941"
"13942" "" "13942"
"13943" "" "13943"
"13944" "" "13944"
"13945" "betsey_prig::thought, mrs_gamp::thought, westlock::thought" "13945"
"13946" "mrs_gamp::thought" "13946"
"13947" "" "13947"
"13948" "" "13948"
"13949" "" "13949"
"13950" "" "13950"
"13951" "" "13951"
"13952" "john::wonder" "13952"
"13953" "" "13953"
"13954" "" "13954"
"13955" "" "13955"
"13956" "mrs_gamp::name, mrs_harris::name" "13956"
"13957" "" "13957"
"13958" "" "13958"
"13959" "" "13959"
"13960" "" "13960"
"13961" "" "13961"
"13962" "" "13962"
"13963" "betsey::work, john::work" "13963"
"13964" "mrs_gamp::near" "13964"
"13965" "" "13965"
"13966" "" "13966"
"13967" "mrs_gamp::escape" "13967"
"13968" "" "13968"
"13969" "" "13969"
"13970" "" "13970"
"13971" "" "13971"
"13972" "" "13972"
"13973" "" "13973"
"13974" "" "13974"
"13975" "" "13975"
"13976" "" "13976"
"13977" "" "13977"
"13978" "" "13978"
"13979" "" "13979"
"13980" "" "13980"
"13981" "" "13981"
"13982" "gamp::stage" "13982"
"13983" "" "13983"
"13984" "" "13984"
"13985" "" "13985"
"13986" "mrs_gamp::hope, mrs_gamp::time" "13986"
"13987" "" "13987"
"13988" "john::hope, john::time" "13988"
"13989" "" "13989"
"13990" "" "13990"
"13991" "" "13991"
"13992" "chuffey::safe, gamp::safe" "13992"
"13993" "" "13993"
"13994" "" "13994"
"13995" "" "13995"
"13996" "" "13996"
"13997" "mrs_gamp::reply" "13997"
"13998" "mrs_gamp::time" "13998"
"13999" "" "13999"
"14000" "" "14000"
"14001" "mrs_gamp::ready" "14001"
"14002" "mrs_gamp::can" "14002"
"14003" "" "14003"
"14004" "" "14004"
"14005" "betsey::open" "14005"
"14006" "betsey::umbrella" "14006"
"14007" "" "14007"
"14008" "" "14008"
"14009" "" "14009"
"14010" "" "14010"
"14011" "" "14011"
"14012" "" "14012"
"14013" "" "14013"
"14014" "" "14014"
"14015" "john_westlock::story, john::story, lewsome::story, tom::story" "14015"
"14016" "" "14016"
"14017" "" "14017"
"14018" "" "14018"
"14019" "ruth::#-idea, tom::#-idea" "14019"
"14020" "" "14020"
"14021" "ruth::little" "14021"
"14022" "" "14022"
"14023" "tom::direction" "14023"
"14024" "" "14024"
"14025" "" "14025"
"14026" "" "14026"
"14027" "" "14027"
"14028" "ruth::strange, tom::strange" "14028"
"14029" "martin::mute, tom::mute" "14029"
"14030" "martin::window" "14030"
"14031" "martin::round" "14031"
"14032" "" "14032"
"14033" "" "14033"
"14034" "" "14034"
"14035" "" "14035"
"14036" "" "14036"
"14037" "tom::deserted" "14037"
"14038" "" "14038"
"14039" "" "14039"
"14040" "" "14040"
"14041" "martin::#-anger, martin::thought" "14041"
"14042" "" "14042"
"14043" "" "14043"
"14044" "" "14044"
"14045" "" "14045"
"14046" "" "14046"
"14047" "" "14047"
"14048" "" "14048"
"14049" "" "14049"
"14050" "" "14050"
"14051" "" "14051"
"14052" "" "14052"
"14053" "" "14053"
"14054" "" "14054"
"14055" "" "14055"
"14056" "" "14056"
"14057" "" "14057"
"14058" "" "14058"
"14059" "" "14059"
"14060" "" "14060"
"14061" "" "14061"
"14062" "" "14062"
"14063" "" "14063"
"14064" "" "14064"
"14065" "" "14065"
"14066" "" "14066"
"14067" "" "14067"
"14068" "" "14068"
"14069" "martin::little" "14069"
"14070" "" "14070"
"14071" "" "14071"
"14072" "tom::thought" "14072"
"14073" "" "14073"
"14074" "" "14074"
"14075" "" "14075"
"14076" "" "14076"
"14077" "" "14077"
"14078" "" "14078"
"14079" "martin::relieved, tom::relieved" "14079"
"14080" "" "14080"
"14081" "tom::#-anger" "14081"
"14082" "" "14082"
"14083" "" "14083"
"14084" "" "14084"
"14085" "" "14085"
"14086" "" "14086"
"14087" "" "14087"
"14088" "" "14088"
"14089" "" "14089"
"14090" "" "14090"
"14091" "" "14091"
"14092" "martin::hand" "14092"
"14093" "" "14093"
"14094" "" "14094"
"14095" "" "14095"
"14096" "" "14096"
"14097" "" "14097"
"14098" "" "14098"
"14099" "" "14099"
"14100" "" "14100"
"14101" "" "14101"
"14102" "" "14102"
"14103" "tom::little" "14103"
"14104" "tom::book" "14104"
"14105" "" "14105"
"14106" "tom::page" "14106"
"14107" "ruth::neck" "14107"
"14108" "" "14108"
"14109" "" "14109"
"14110" "" "14110"
"14111" "" "14111"
"14112" "" "14112"
"14113" "" "14113"
"14114" "" "14114"
"14115" "" "14115"
"14116" "" "14116"
"14117" "" "14117"
"14118" "" "14118"
"14119" "" "14119"
"14120" "" "14120"
"14121" "tom::secret" "14121"
"14122" "" "14122"
"14123" "" "14123"
"14124" "" "14124"
"14125" "" "14125"
"14126" "" "14126"
"14127" "ruth::gentle" "14127"
"14128" "" "14128"
"14129" "" "14129"
"14130" "" "14130"
"14131" "tom::neck, tom::round" "14131"
"14132" "" "14132"
"14133" "" "14133"
"14134" "" "14134"
"14135" "" "14135"
"14136" "tom::name" "14136"
"14137" "" "14137"
"14138" "" "14138"
"14139" "" "14139"
"14140" "tom::little" "14140"
"14141" "martin::love" "14141"
"14142" "" "14142"
"14143" "tom::wrong" "14143"
"14144" "tom::love" "14144"
"14145" "ruth::book, ruth::love, ruth::natural, ruth::person, tom::book, tom::love, tom::natural, tom::person" "14145"
"14146" "" "14146"
"14147" "" "14147"
"14148" "" "14148"
"14149" "tom::position, tom::thought" "14149"
"14150" "tom::mere" "14150"
"14151" "" "14151"
"14152" "" "14152"
"14153" "" "14153"
"14154" "" "14154"
"14155" "" "14155"
"14156" "" "14156"
"14157" "" "14157"
"14158" "" "14158"
"14159" "" "14159"
"14160" "" "14160"
"14161" "" "14161"
"14162" "" "14162"
"14163" "" "14163"
"14164" "" "14164"
"14165" "" "14165"
"14166" "" "14166"
"14167" "" "14167"
"14168" "martin::glow, martin::open, tom::glow, tom::open" "14168"
"14169" "" "14169"
"14170" "" "14170"
"14171" "ruth::secret" "14171"
"14172" "tom::found" "14172"
"14173" "" "14173"
"14174" "" "14174"
"14175" "" "14175"
"14176" "tom::name" "14176"
"14177" "" "14177"
"14178" "tom::thought" "14178"
"14179" "tom::relieved" "14179"
"14180" "tom::guard" "14180"
"14181" "" "14181"
"14182" "" "14182"
"14183" "" "14183"
"14184" "" "14184"
"14185" "" "14185"
"14186" "" "14186"
"14187" "" "14187"
"14188" "" "14188"
"14189" "ruth::little, tom::little" "14189"
"14190" "" "14190"
"14191" "" "14191"
"14192" "ruth::busy" "14192"
"14193" "" "14193"
"14194" "" "14194"
"14195" "tom::full, tom::ready, tom::wonder" "14195"
"14196" "" "14196"
"14197" "" "14197"
"14198" "" "14198"
"14199" "tom::little, tom::public" "14199"
"14200" "" "14200"
"14201" "" "14201"
"14202" "" "14202"
"14203" "" "14203"
"14204" "tom::thought" "14204"
"14205" "" "14205"
"14206" "tom::order" "14206"
"14207" "" "14207"
"14208" "" "14208"
"14209" "pecksniff::copy, pecksniff::present" "14209"
"14210" "" "14210"
"14211" "" "14211"
"14212" "john::thought, martin::thought" "14212"
"14213" "john::boiling, martin::boiling" "14213"
"14214" "tom::sigh" "14214"
"14215" "" "14215"
"14216" "" "14216"
"14217" "" "14217"
"14218" "" "14218"
"14219" "" "14219"
"14220" "" "14220"
"14221" "" "14221"
"14222" "" "14222"
"14223" "" "14223"
"14224" "" "14224"
"14225" "" "14225"
"14226" "" "14226"
"14227" "" "14227"
"14228" "" "14228"
"14229" "" "14229"
"14230" "" "14230"
"14231" "tom::hand" "14231"
"14232" "tom::hand" "14232"
"14233" "" "14233"
"14234" "" "14234"
"14235" "" "14235"
"14236" "" "14236"
"14237" "" "14237"
"14238" "" "14238"
"14239" "" "14239"
"14240" "" "14240"
"14241" "" "14241"
"14242" "" "14242"
"14243" "" "14243"
"14244" "" "14244"
"14245" "" "14245"
"14246" "" "14246"
"14247" "" "14247"
"14248" "" "14248"
"14249" "mary::love" "14249"
"14250" "" "14250"
"14251" "" "14251"
"14252" "" "14252"
"14253" "" "14253"
"14254" "" "14254"
"14255" "" "14255"
"14256" "tom::time" "14256"
"14257" "tom::hang" "14257"
"14258" "" "14258"
"14259" "" "14259"
"14260" "" "14260"
"14261" "" "14261"
"14262" "jonas::train" "14262"
"14263" "jonas::sense" "14263"
"14264" "" "14264"
"14265" "jonas::condition" "14265"
"14266" "" "14266"
"14267" "" "14267"
"14268" "" "14268"
"14269" "" "14269"
"14270" "" "14270"
"14271" "" "14271"
"14272" "jonas::end" "14272"
"14273" "jonas::natural" "14273"
"14274" "" "14274"
"14275" "" "14275"
"14276" "" "14276"
"14277" "" "14277"
"14278" "" "14278"
"14279" "" "14279"
"14280" "" "14280"
"14281" "bullamy::direction, pecksniff::direction" "14281"
"14282" "" "14282"
"14283" "" "14283"
"14284" "" "14284"
"14285" "" "14285"
"14286" "" "14286"
"14287" "" "14287"
"14288" "" "14288"
"14289" "" "14289"
"14290" "" "14290"
"14291" "" "14291"
"14292" "" "14292"
"14293" "" "14293"
"14294" "" "14294"
"14295" "" "14295"
"14296" "" "14296"
"14297" "" "14297"
"14298" "jonas::room" "14298"
"14299" "" "14299"
"14300" "jonas::time" "14300"
"14301" "" "14301"
"14302" "jonas::plot, jonas::room" "14302"
"14303" "" "14303"
"14304" "" "14304"
"14305" "" "14305"
"14306" "" "14306"
"14307" "" "14307"
"14308" "" "14308"
"14309" "" "14309"
"14310" "" "14310"
"14311" "" "14311"
"14312" "jonas::back" "14312"
"14313" "jonas::back" "14313"
"14314" "" "14314"
"14315" "" "14315"
"14316" "" "14316"
"14317" "" "14317"
"14318" "" "14318"
"14319" "" "14319"
"14320" "" "14320"
"14321" "" "14321"
"14322" "" "14322"
"14323" "" "14323"
"14324" "" "14324"
"14325" "" "14325"
"14326" "" "14326"
"14327" "" "14327"
"14328" "" "14328"
"14329" "" "14329"
"14330" "" "14330"
"14331" "" "14331"
"14332" "" "14332"
"14333" "jonas::finger" "14333"
"14334" "" "14334"
"14335" "" "14335"
"14336" "" "14336"
"14337" "" "14337"
"14338" "" "14338"
"14339" "" "14339"
"14340" "" "14340"
"14341" "" "14341"
"14342" "" "14342"
"14343" "" "14343"
"14344" "" "14344"
"14345" "" "14345"
"14346" "" "14346"
"14347" "" "14347"
"14348" "" "14348"
"14349" "" "14349"
"14350" "" "14350"
"14351" "" "14351"
"14352" "" "14352"
"14353" "" "14353"
"14354" "" "14354"
"14355" "" "14355"
"14356" "" "14356"
"14357" "" "14357"
"14358" "jonas::can, jonas::thought" "14358"
"14359" "" "14359"
"14360" "" "14360"
"14361" "" "14361"
"14362" "" "14362"
"14363" "" "14363"
"14364" "" "14364"
"14365" "" "14365"
"14366" "" "14366"
"14367" "" "14367"
"14368" "" "14368"
"14369" "" "14369"
"14370" "" "14370"
"14371" "jonas::warm, mrs_gamp::warm" "14371"
"14372" "" "14372"
"14373" "" "14373"
"14374" "" "14374"
"14375" "" "14375"
"14376" "mrs_gamp::#-talk" "14376"
"14377" "" "14377"
"14378" "" "14378"
"14379" "jonas::time" "14379"
"14380" "" "14380"
"14381" "" "14381"
"14382" "" "14382"
"14383" "" "14383"
"14384" "" "14384"
"14385" "" "14385"
"14386" "" "14386"
"14387" "" "14387"
"14388" "" "14388"
"14389" "chuffey::female, chuffey::person" "14389"
"14390" "chuffey::room" "14390"
"14391" "jonas::window" "14391"
"14392" "" "14392"
"14393" "" "14393"
"14394" "" "14394"
"14395" "" "14395"
"14396" "" "14396"
"14397" "gamp::charge, gamp::thought" "14397"
"14398" "" "14398"
"14399" "" "14399"
"14400" "" "14400"
"14401" "" "14401"
"14402" "" "14402"
"14403" "" "14403"
"14404" "" "14404"
"14405" "jonas::trouble" "14405"
"14406" "" "14406"
"14407" "" "14407"
"14408" "" "14408"
"14409" "" "14409"
"14410" "" "14410"
"14411" "" "14411"
"14412" "" "14412"
"14413" "" "14413"
"14414" "" "14414"
"14415" "" "14415"
"14416" "" "14416"
"14417" "harris::name, mrs_gamp::name" "14417"
"14418" "" "14418"
"14419" "mrs_gamp::hand" "14419"
"14420" "jonas::#-hand" "14420"
"14421" "" "14421"
"14422" "mrs_gamp::familiar" "14422"
"14423" "" "14423"
"14424" "" "14424"
"14425" "" "14425"
"14426" "" "14426"
"14427" "" "14427"
"14428" "" "14428"
"14429" "" "14429"
"14430" "" "14430"
"14431" "" "14431"
"14432" "" "14432"
"14433" "" "14433"
"14434" "" "14434"
"14435" "mrs_gamp::person" "14435"
"14436" "" "14436"
"14437" "" "14437"
"14438" "" "14438"
"14439" "" "14439"
"14440" "mrs_gamp::two" "14440"
"14441" "jonas::person" "14441"
"14442" "" "14442"
"14443" "jonas::person" "14443"
"14444" "" "14444"
"14445" "" "14445"
"14446" "" "14446"
"14447" "" "14447"
"14448" "jonas::open, jonas::person, jonas::window" "14448"
"14449" "" "14449"
"14450" "" "14450"
"14451" "" "14451"
"14452" "jonas::time, lewsome::time" "14452"
"14453" "" "14453"
"14454" "" "14454"
"14455" "" "14455"
"14456" "jonas::back, jonas::hand, lewsome::back, lewsome::hand" "14456"
"14457" "" "14457"
"14458" "" "14458"
"14459" "" "14459"
"14460" "jonas::finger, lewsome::finger" "14460"
"14461" "" "14461"
"14462" "" "14462"
"14463" "" "14463"
"14464" "" "14464"
"14465" "john_westlock::two, mark_tapley::two" "14465"
"14466" "" "14466"
"14467" "" "14467"
"14468" "tapley::#-name, tapley::drag" "14468"
"14469" "" "14469"
"14470" "" "14470"
"14471" "" "14471"
"14472" "" "14472"
"14473" "" "14473"
"14474" "" "14474"
"14475" "" "14475"
"14476" "" "14476"
"14477" "jonas::ready, mark::ready" "14477"
"14478" "jonas::hand, lewsome::hand" "14478"
"14479" "" "14479"
"14480" "" "14480"
"14481" "" "14481"
"14482" "" "14482"
"14483" "" "14483"
"14484" "" "14484"
"14485" "" "14485"
"14486" "" "14486"
"14487" "" "14487"
"14488" "" "14488"
"14489" "" "14489"
"14490" "" "14490"
"14491" "" "14491"
"14492" "" "14492"
"14493" "" "14493"
"14494" "" "14494"
"14495" "" "14495"
"14496" "" "14496"
"14497" "" "14497"
"14498" "" "14498"
"14499" "martin::reply" "14499"
"14500" "" "14500"
"14501" "" "14501"
"14502" "martin::school" "14502"
"14503" "" "14503"
"14504" "" "14504"
"14505" "chuzzlewit::can, martin::can" "14505"
"14506" "" "14506"
"14507" "" "14507"
"14508" "" "14508"
"14509" "" "14509"
"14510" "" "14510"
"14511" "" "14511"
"14512" "" "14512"
"14513" "mark::room, mark::window" "14513"
"14514" "" "14514"
"14515" "" "14515"
"14516" "" "14516"
"14517" "" "14517"
"14518" "" "14518"
"14519" "" "14519"
"14520" "" "14520"
"14521" "" "14521"
"14522" "" "14522"
"14523" "" "14523"
"14524" "jonas::destruction" "14524"
"14525" "jonas::wicked" "14525"
"14526" "jonas::time" "14526"
"14527" "jonas::earth" "14527"
"14528" "jonas::#-move" "14528"
"14529" "" "14529"
"14530" "jonas::time" "14530"
"14531" "jonas::found" "14531"
"14532" "" "14532"
"14533" "jonas::can, jonas::known" "14533"
"14534" "" "14534"
"14535" "" "14535"
"14536" "" "14536"
"14537" "" "14537"
"14538" "" "14538"
"14539" "" "14539"
"14540" "" "14540"
"14541" "" "14541"
"14542" "" "14542"
"14543" "" "14543"
"14544" "" "14544"
"14545" "" "14545"
"14546" "" "14546"
"14547" "" "14547"
"14548" "" "14548"
"14549" "" "14549"
"14550" "" "14550"
"14551" "" "14551"
"14552" "chuffey::hope, jonas::hope, mrs_gamp::hope" "14552"
"14553" "" "14553"
"14554" "" "14554"
"14555" "" "14555"
"14556" "" "14556"
"14557" "" "14557"
"14558" "" "14558"
"14559" "" "14559"
"14560" "" "14560"
"14561" "" "14561"
"14562" "jonas::found" "14562"
"14563" "jonas::time" "14563"
"14564" "jonas::room" "14564"
"14565" "" "14565"
"14566" "" "14566"
"14567" "" "14567"
"14568" "" "14568"
"14569" "" "14569"
"14570" "chuff::little" "14570"
"14571" "" "14571"
"14572" "chuff::love, chuff::loved" "14572"
"14573" "" "14573"
"14574" "" "14574"
"14575" "" "14575"
"14576" "" "14576"
"14577" "" "14577"
"14578" "" "14578"
"14579" "jonas::hope" "14579"
"14580" "" "14580"
"14581" "" "14581"
"14582" "" "14582"
"14583" "" "14583"
"14584" "" "14584"
"14585" "chuffey::little, chuffey::wrong, jonas::little, jonas::wrong" "14585"
"14586" "chuffey::time, jonas::time" "14586"
"14587" "" "14587"
"14588" "" "14588"
"14589" "" "14589"
"14590" "" "14590"
"14591" "" "14591"
"14592" "" "14592"
"14593" "chuffey::deserted" "14593"
"14594" "anthony::hand" "14594"
"14595" "" "14595"
"14596" "" "14596"
"14597" "" "14597"
"14598" "" "14598"
"14599" "" "14599"
"14600" "" "14600"
"14601" "" "14601"
"14602" "" "14602"
"14603" "" "14603"
"14604" "" "14604"
"14605" "" "14605"
"14606" "" "14606"
"14607" "" "14607"
"14608" "" "14608"
"14609" "" "14609"
"14610" "" "14610"
"14611" "" "14611"
"14612" "" "14612"
"14613" "" "14613"
"14614" "" "14614"
"14615" "" "14615"
"14616" "" "14616"
"14617" "" "14617"
"14618" "" "14618"
"14619" "" "14619"
"14620" "" "14620"
"14621" "" "14621"
"14622" "" "14622"
"14623" "" "14623"
"14624" "" "14624"
"14625" "" "14625"
"14626" "mrs_gamp::room" "14626"
"14627" "" "14627"
"14628" "" "14628"
"14629" "mark::direction" "14629"
"14630" "" "14630"
"14631" "" "14631"
"14632" "" "14632"
"14633" "" "14633"
"14634" "" "14634"
"14635" "" "14635"
"14636" "" "14636"
"14637" "" "14637"
"14638" "" "14638"
"14639" "" "14639"
"14640" "nadgett::round" "14640"
"14641" "" "14641"
"14642" "" "14642"
"14643" "" "14643"
"14644" "" "14644"
"14645" "" "14645"
"14646" "" "14646"
"14647" "" "14647"
"14648" "" "14648"
"14649" "" "14649"
"14650" "nadgett::can" "14650"
"14651" "" "14651"
"14652" "" "14652"
"14653" "" "14653"
"14654" "" "14654"
"14655" "" "14655"
"14656" "" "14656"
"14657" "" "14657"
"14658" "" "14658"
"14659" "" "14659"
"14660" "" "14660"
"14661" "" "14661"
"14662" "" "14662"
"14663" "" "14663"
"14664" "" "14664"
"14665" "" "14665"
"14666" "nadgett::rest" "14666"
"14667" "" "14667"
"14668" "jonas::little" "14668"
"14669" "jonas::iron" "14669"
"14670" "" "14670"
"14671" "" "14671"
"14672" "" "14672"
"14673" "" "14673"
"14674" "" "14674"
"14675" "" "14675"
"14676" "" "14676"
"14677" "" "14677"
"14678" "" "14678"
"14679" "" "14679"
"14680" "" "14680"
"14681" "" "14681"
"14682" "" "14682"
"14683" "" "14683"
"14684" "" "14684"
"14685" "" "14685"
"14686" "" "14686"
"14687" "" "14687"
"14688" "" "14688"
"14689" "" "14689"
"14690" "" "14690"
"14691" "" "14691"
"14692" "mr_chuzzlewit::full" "14692"
"14693" "mr_chuzzlewit::curious" "14693"
"14694" "slyme::fresh, slyme::thought" "14694"
"14695" "" "14695"
"14696" "" "14696"
"14697" "" "14697"
"14698" "" "14698"
"14699" "montague::found" "14699"
"14700" "" "14700"
"14701" "" "14701"
"14702" "" "14702"
"14703" "" "14703"
"14704" "" "14704"
"14705" "montague::time" "14705"
"14706" "montague::room, montague::waiting" "14706"
"14707" "montague::first, montague::money" "14707"
"14708" "" "14708"
"14709" "" "14709"
"14710" "" "14710"
"14711" "mr_chuffey::found" "14711"
"14712" "montague::found, montague::time" "14712"
"14713" "" "14713"
"14714" "" "14714"
"14715" "" "14715"
"14716" "" "14716"
"14717" "" "14717"
"14718" "" "14718"
"14719" "" "14719"
"14720" "" "14720"
"14721" "" "14721"
"14722" "nadgett::street" "14722"
"14723" "" "14723"
"14724" "" "14724"
"14725" "" "14725"
"14726" "" "14726"
"14727" "" "14727"
"14728" "" "14728"
"14729" "" "14729"
"14730" "" "14730"
"14731" "" "14731"
"14732" "" "14732"
"14733" "" "14733"
"14734" "" "14734"
"14735" "" "14735"
"14736" "" "14736"
"14737" "mr_nadgett::window, nadgett::window" "14737"
"14738" "" "14738"
"14739" "" "14739"
"14740" "" "14740"
"14741" "" "14741"
"14742" "" "14742"
"14743" "" "14743"
"14744" "nadgett::dress" "14744"
"14745" "" "14745"
"14746" "" "14746"
"14747" "" "14747"
"14748" "mark::open, mark::person, mark::time" "14748"
"14749" "" "14749"
"14750" "" "14750"
"14751" "slyme::ready" "14751"
"14752" "" "14752"
"14753" "" "14753"
"14754" "" "14754"
"14755" "chuffey::round, jonas::round, nadgett::round" "14755"
"14756" "" "14756"
"14757" "gamp::first, mould::first, mrs_gamp::first" "14757"
"14758" "" "14758"
"14759" "" "14759"
"14760" "" "14760"
"14761" "" "14761"
"14762" "" "14762"
"14763" "" "14763"
"14764" "" "14764"
"14765" "" "14765"
"14766" "" "14766"
"14767" "jonas::back" "14767"
"14768" "" "14768"
"14769" "" "14769"
"14770" "" "14770"
"14771" "" "14771"
"14772" "" "14772"
"14773" "" "14773"
"14774" "" "14774"
"14775" "" "14775"
"14776" "" "14776"
"14777" "" "14777"
"14778" "" "14778"
"14779" "" "14779"
"14780" "" "14780"
"14781" "" "14781"
"14782" "" "14782"
"14783" "" "14783"
"14784" "" "14784"
"14785" "" "14785"
"14786" "" "14786"
"14787" "" "14787"
"14788" "" "14788"
"14789" "" "14789"
"14790" "" "14790"
"14791" "" "14791"
"14792" "" "14792"
"14793" "" "14793"
"14794" "" "14794"
"14795" "" "14795"
"14796" "" "14796"
"14797" "" "14797"
"14798" "" "14798"
"14799" "" "14799"
"14800" "" "14800"
"14801" "" "14801"
"14802" "" "14802"
"14803" "" "14803"
"14804" "" "14804"
"14805" "" "14805"
"14806" "" "14806"
"14807" "" "14807"
"14808" "" "14808"
"14809" "" "14809"
"14810" "" "14810"
"14811" "" "14811"
"14812" "" "14812"
"14813" "" "14813"
"14814" "" "14814"
"14815" "" "14815"
"14816" "" "14816"
"14817" "" "14817"
"14818" "" "14818"
"14819" "" "14819"
"14820" "" "14820"
"14821" "slyme::full, slyme::two, slyme::window" "14821"
"14822" "" "14822"
"14823" "" "14823"
"14824" "" "14824"
"14825" "slyme::present" "14825"
"14826" "" "14826"
"14827" "" "14827"
"14828" "" "14828"
"14829" "" "14829"
"14830" "" "14830"
"14831" "" "14831"
"14832" "" "14832"
"14833" "" "14833"
"14834" "" "14834"
"14835" "" "14835"
"14836" "" "14836"
"14837" "" "14837"
"14838" "" "14838"
"14839" "" "14839"
"14840" "" "14840"
"14841" "" "14841"
"14842" "" "14842"
"14843" "" "14843"
"14844" "jonas::back, jonas::wall" "14844"
"14845" "" "14845"
"14846" "" "14846"
"14847" "" "14847"
"14848" "" "14848"
"14849" "slyme::#-reply, slyme::back" "14849"
"14850" "" "14850"
"14851" "" "14851"
"14852" "slyme::two" "14852"
"14853" "" "14853"
"14854" "" "14854"
"14855" "" "14855"
"14856" "" "14856"
"14857" "" "14857"
"14858" "" "14858"
"14859" "" "14859"
"14860" "" "14860"
"14861" "" "14861"
"14862" "" "14862"
"14863" "" "14863"
"14864" "john_westlock::end, john_westlock::first, jonas::end, jonas::first, nadgett::end, nadgett::first, tom_pinch::end, tom_pinch::first" "14864"
"14865" "" "14865"
"14866" "" "14866"
"14867" "" "14867"
"14868" "pecksniff::natural, pecksniff::work" "14868"
"14869" "john_westlock::prevent, john_westlock::two, mark_tapley::prevent, mark_tapley::two" "14869"
"14870" "" "14870"
"14871" "" "14871"
"14872" "" "14872"
"14873" "chuzzlewit::little, jonas::little, ruth::little, tom::little" "14873"
"14874" "pecksniff::name" "14874"
"14875" "" "14875"
"14876" "" "14876"
"14877" "john_westlock::painful" "14877"
"14878" "tapley::clean, tapley::fresh" "14878"
"14879" "chuzzlewit::reply" "14879"
"14880" "" "14880"
"14881" "martin::first, tapley::first" "14881"
"14882" "" "14882"
"14883" "" "14883"
"14884" "" "14884"
"14885" "tapley::little" "14885"
"14886" "tapley::little" "14886"
"14887" "" "14887"
"14888" "" "14888"
"14889" "" "14889"
"14890" "" "14890"
"14891" "" "14891"
"14892" "" "14892"
"14893" "" "14893"
"14894" "" "14894"
"14895" "" "14895"
"14896" "" "14896"
"14897" "" "14897"
"14898" "" "14898"
"14899" "" "14899"
"14900" "" "14900"
"14901" "" "14901"
"14902" "" "14902"
"14903" "" "14903"
"14904" "" "14904"
"14905" "" "14905"
"14906" "" "14906"
"14907" "" "14907"
"14908" "" "14908"
"14909" "" "14909"
"14910" "" "14910"
"14911" "" "14911"
"14912" "" "14912"
"14913" "" "14913"
"14914" "" "14914"
"14915" "" "14915"
"14916" "" "14916"
"14917" "" "14917"
"14918" "" "14918"
"14919" "tapley::chin, tapley::hand, tapley::room" "14919"
"14920" "" "14920"
"14921" "" "14921"
"14922" "" "14922"
"14923" "" "14923"
"14924" "" "14924"
"14925" "mark::desert" "14925"
"14926" "" "14926"
"14927" "mark::room, tapley::room" "14927"
"14928" "" "14928"
"14929" "" "14929"
"14930" "" "14930"
"14931" "" "14931"
"14932" "mark::busy" "14932"
"14933" "" "14933"
"14934" "martin::found" "14934"
"14935" "martin_chuzzlewit::chin, martin_chuzzlewit::thought, tapley::chin, tapley::thought" "14935"
"14936" "" "14936"
"14937" "chuzzlewit::room, mark::room" "14937"
"14938" "mark::chin, mark::handle, mark::time" "14938"
"14939" "" "14939"
"14940" "" "14940"
"14941" "martin::found" "14941"
"14942" "martin::known" "14942"
"14943" "" "14943"
"14944" "" "14944"
"14945" "tapley::position" "14945"
"14946" "" "14946"
"14947" "" "14947"
"14948" "" "14948"
"14949" "" "14949"
"14950" "" "14950"
"14951" "" "14951"
"14952" "" "14952"
"14953" "" "14953"
"14954" "graham::back, graham::rest, mrs_lupin::back, mrs_lupin::rest" "14954"
"14955" "" "14955"
"14956" "" "14956"
"14957" "" "14957"
"14958" "" "14958"
"14959" "" "14959"
"14960" "mark::open" "14960"
"14961" "" "14961"
"14962" "" "14962"
"14963" "" "14963"
"14964" "" "14964"
"14965" "pecksniff::open" "14965"
"14966" "" "14966"
"14967" "" "14967"
"14968" "" "14968"
"14969" "" "14969"
"14970" "" "14970"
"14971" "" "14971"
"14972" "" "14972"
"14973" "" "14973"
"14974" "" "14974"
"14975" "" "14975"
"14976" "" "14976"
"14977" "chuzzlewit::hand" "14977"
"14978" "" "14978"
"14979" "" "14979"
"14980" "" "14980"
"14981" "" "14981"
"14982" "" "14982"
"14983" "" "14983"
"14984" "pecksniff::gentle" "14984"
"14985" "" "14985"
"14986" "" "14986"
"14987" "" "14987"
"14988" "" "14988"
"14989" "" "14989"
"14990" "" "14990"
"14991" "" "14991"
"14992" "" "14992"
"14993" "" "14993"
"14994" "" "14994"
"14995" "" "14995"
"14996" "mr_tapley::actually, mr_tapley::back, mr_tapley::drag, mr_tapley::wall" "14996"
"14997" "" "14997"
"14998" "" "14998"
"14999" "" "14999"
"15000" "" "15000"
"15001" "" "15001"
"15002" "pecksniff::rest" "15002"
"15003" "" "15003"
"15004" "" "15004"
"15005" "" "15005"
"15006" "" "15006"
"15007" "" "15007"
"15008" "" "15008"
"15009" "" "15009"
"15010" "" "15010"
"15011" "" "15011"
"15012" "" "15012"
"15013" "mark::known" "15013"
"15014" "mary::love" "15014"
"15015" "martin::hand" "15015"
"15016" "martin::love" "15016"
"15017" "" "15017"
"15018" "martin::hand" "15018"
"15019" "" "15019"
"15020" "" "15020"
"15021" "" "15021"
"15022" "pecksniff::hand" "15022"
"15023" "" "15023"
"15024" "" "15024"
"15025" "" "15025"
"15026" "" "15026"
"15027" "" "15027"
"15028" "" "15028"
"15029" "" "15029"
"15030" "" "15030"
"15031" "" "15031"
"15032" "" "15032"
"15033" "" "15033"
"15034" "" "15034"
"15035" "" "15035"
"15036" "chuzzlewit::round" "15036"
"15037" "" "15037"
"15038" "" "15038"
"15039" "" "15039"
"15040" "" "15040"
"15041" "" "15041"
"15042" "" "15042"
"15043" "" "15043"
"15044" "" "15044"
"15045" "chuzzlewit::end" "15045"
"15046" "" "15046"
"15047" "" "15047"
"15048" "" "15048"
"15049" "" "15049"
"15050" "" "15050"
"15051" "" "15051"
"15052" "" "15052"
"15053" "" "15053"
"15054" "" "15054"
"15055" "" "15055"
"15056" "" "15056"
"15057" "" "15057"
"15058" "" "15058"
"15059" "" "15059"
"15060" "" "15060"
"15061" "pecksniff::bow" "15061"
"15062" "" "15062"
"15063" "chuzzlewit::name, mark::name" "15063"
"15064" "" "15064"
"15065" "" "15065"
"15066" "martin::meeting" "15066"
"15067" "" "15067"
"15068" "" "15068"
"15069" "" "15069"
"15070" "martin::back" "15070"
"15071" "" "15071"
"15072" "" "15072"
"15073" "" "15073"
"15074" "" "15074"
"15075" "" "15075"
"15076" "" "15076"
"15077" "" "15077"
"15078" "" "15078"
"15079" "" "15079"
"15080" "" "15080"
"15081" "" "15081"
"15082" "" "15082"
"15083" "pecksniff::hand" "15083"
"15084" "" "15084"
"15085" "" "15085"
"15086" "" "15086"
"15087" "" "15087"
"15088" "martin::first" "15088"
"15089" "martin::little, martin::love" "15089"
"15090" "" "15090"
"15091" "" "15091"
"15092" "" "15092"
"15093" "" "15093"
"15094" "tom::first" "15094"
"15095" "john::hand, john::little, mark::hand, mark::little, martin::hand, martin::little, mary::hand, mary::little, mrs_lupin::hand, mrs_lupin::little, ruth::hand, ruth::little" "15095"
"15096" "tom::tranquil" "15096"
"15097" "pecksniff::little, tom::little, westlock::little" "15097"
"15098" "pecksniff::name" "15098"
"15099" "martin::name, martin::natural, martin::touch, pecksniff::name, pecksniff::natural, pecksniff::touch" "15099"
"15100" "" "15100"
"15101" "ghoul::fresh, pecksniff::fresh" "15101"
"15102" "" "15102"
"15103" "" "15103"
"15104" "" "15104"
"15105" "" "15105"
"15106" "" "15106"
"15107" "" "15107"
"15108" "" "15108"
"15109" "" "15109"
"15110" "" "15110"
"15111" "" "15111"
"15112" "" "15112"
"15113" "" "15113"
"15114" "" "15114"
"15115" "" "15115"
"15116" "tom::earth" "15116"
"15117" "tom::earth" "15117"
"15118" "tapley::beg, tapley::name" "15118"
"15119" "martin::name" "15119"
"15120" "tapley::name" "15120"
"15121" "" "15121"
"15122" "" "15122"
"15123" "jolly_tapley::bow, jolly_tapley::name, tapley::bow, tapley::name" "15123"
"15124" "" "15124"
"15125" "" "15125"
"15126" "pecksniff::dress" "15126"
"15127" "pecksniff::yellow" "15127"
"15128" "" "15128"
"15129" "" "15129"
"15130" "" "15130"
"15131" "pecksniff::familiar" "15131"
"15132" "" "15132"
"15133" "" "15133"
"15134" "" "15134"
"15135" "" "15135"
"15136" "" "15136"
"15137" "" "15137"
"15138" "" "15138"
"15139" "" "15139"
"15140" "" "15140"
"15141" "" "15141"
"15142" "pecksniff::sad" "15142"
"15143" "chuzzlewit::person, chuzzlewit::present, pecksniff::person, pecksniff::present" "15143"
"15144" "" "15144"
"15145" "" "15145"
"15146" "" "15146"
"15147" "" "15147"
"15148" "pecksniff::little" "15148"
"15149" "" "15149"
"15150" "" "15150"
"15151" "" "15151"
"15152" "" "15152"
"15153" "" "15153"
"15154" "" "15154"
"15155" "" "15155"
"15156" "" "15156"
"15157" "" "15157"
"15158" "mr_chuzzlewit::little" "15158"
"15159" "" "15159"
"15160" "" "15160"
"15161" "" "15161"
"15162" "" "15162"
"15163" "" "15163"
"15164" "" "15164"
"15165" "" "15165"
"15166" "" "15166"
"15167" "chuzzlewit::little" "15167"
"15168" "chuzzlewit::little" "15168"
"15169" "" "15169"
"15170" "" "15170"
"15171" "chuzzlewit::beg, chuzzlewit::little, chuzzlewit::room" "15171"
"15172" "mrs_gamp::time" "15172"
"15173" "mr_chuzzlewit::lovely, mrs_gamp::lovely, sweedlepipe::lovely" "15173"
"15174" "mr_sweedlepipes::little, mrs_gamp::little" "15174"
"15175" "" "15175"
"15176" "" "15176"
"15177" "" "15177"
"15178" "" "15178"
"15179" "" "15179"
"15180" "" "15180"
"15181" "" "15181"
"15182" "" "15182"
"15183" "" "15183"
"15184" "" "15184"
"15185" "" "15185"
"15186" "" "15186"
"15187" "bailey::little" "15187"
"15188" "" "15188"
"15189" "" "15189"
"15190" "" "15190"
"15191" "" "15191"
"15192" "" "15192"
"15193" "" "15193"
"15194" "" "15194"
"15195" "" "15195"
"15196" "" "15196"
"15197" "bailey::birds" "15197"
"15198" "bailey::little" "15198"
"15199" "" "15199"
"15200" "mrs_gamp::thought, sweedlepipe::thought" "15200"
"15201" "" "15201"
"15202" "arp::breathe, mr_chuzzlewit::breathe, mrs_harris::breathe" "15202"
"15203" "" "15203"
"15204" "" "15204"
"15205" "" "15205"
"15206" "mark_tapley::person, mark_tapley::trouble" "15206"
"15207" "" "15207"
"15208" "" "15208"
"15209" "chuzzlewit::hand, chuzzlewit::name, mrs_gamp::hand, mrs_gamp::name" "15209"
"15210" "" "15210"
"15211" "mrs_gamp::little" "15211"
"15212" "" "15212"
"15213" "--_sairey::back, --_sairey::fresh, --_sairey::impress, mrs_gamp::back, mrs_gamp::fresh, mrs_gamp::impress" "15213"
"15214" "" "15214"
"15215" "bailey::two, mrs_gamp::two, sweedlepipe::two" "15215"
"15216" "" "15216"
"15217" "martin::talk, mary::talk, mrs_tapley::talk" "15217"
"15218" "" "15218"
"15219" "" "15219"
"15220" "" "15220"
"15221" "" "15221"
"15222" "tom::little" "15222"
"15223" "ruth::first, ruth::little" "15223"
"15224" "" "15224"
"15225" "" "15225"
"15226" "" "15226"
"15227" "" "15227"
"15228" "" "15228"
"15229" "" "15229"
"15230" "" "15230"
"15231" "john_westlock::little, ruth::little" "15231"
"15232" "" "15232"
"15233" "" "15233"
"15234" "" "15234"
"15235" "" "15235"
"15236" "" "15236"
"15237" "tom::two" "15237"
"15238" "" "15238"
"15239" "" "15239"
"15240" "" "15240"
"15241" "" "15241"
"15242" "" "15242"
"15243" "" "15243"
"15244" "" "15244"
"15245" "ruth::little" "15245"
"15246" "" "15246"
"15247" "" "15247"
"15248" "" "15248"
"15249" "" "15249"
"15250" "ruth::little" "15250"
"15251" "" "15251"
"15252" "" "15252"
"15253" "" "15253"
"15254" "" "15254"
"15255" "john::two" "15255"
"15256" "" "15256"
"15257" "" "15257"
"15258" "" "15258"
"15259" "" "15259"
"15260" "" "15260"
"15261" "ruth::little" "15261"
"15262" "john::married, martin::married" "15262"
"15263" "" "15263"
"15264" "ruth::little" "15264"
"15265" "" "15265"
"15266" "" "15266"
"15267" "" "15267"
"15268" "" "15268"
"15269" "" "15269"
"15270" "" "15270"
"15271" "" "15271"
"15272" "" "15272"
"15273" "" "15273"
"15274" "" "15274"
"15275" "" "15275"
"15276" "" "15276"
"15277" "" "15277"
"15278" "" "15278"
"15279" "" "15279"
"15280" "" "15280"
"15281" "" "15281"
"15282" "" "15282"
"15283" "" "15283"
"15284" "" "15284"
"15285" "" "15285"
"15286" "ruth::little" "15286"
"15287" "" "15287"
"15288" "" "15288"
"15289" "" "15289"
"15290" "" "15290"
"15291" "" "15291"
"15292" "ruth::gentle" "15292"
"15293" "" "15293"
"15294" "" "15294"
"15295" "john::can" "15295"
"15296" "" "15296"
"15297" "" "15297"
"15298" "" "15298"
"15299" "" "15299"
"15300" "" "15300"
"15301" "" "15301"
"15302" "" "15302"
"15303" "" "15303"
"15304" "" "15304"
"15305" "" "15305"
"15306" "tom::talk" "15306"
"15307" "john::hope" "15307"
"15308" "ruth::little" "15308"
"15309" "" "15309"
"15310" "" "15310"
"15311" "" "15311"
"15312" "" "15312"
"15313" "" "15313"
"15314" "" "15314"
"15315" "" "15315"
"15316" "" "15316"
"15317" "" "15317"
"15318" "tom::little, tom::love" "15318"
"15319" "" "15319"
"15320" "" "15320"
"15321" "" "15321"
"15322" "tom::little" "15322"
"15323" "" "15323"
"15324" "" "15324"
"15325" "" "15325"
"15326" "" "15326"
"15327" "" "15327"
"15328" "john::#-use" "15328"
"15329" "" "15329"
"15330" "" "15330"
"15331" "john::account, tom::account" "15331"
"15332" "tom::actually, tom::sense, tom::time" "15332"
"15333" "" "15333"
"15334" "mr_chuzzlewit::little, ruth::little" "15334"
"15335" "" "15335"
"15336" "" "15336"
"15337" "john::natural" "15337"
"15338" "" "15338"
"15339" "chuzzlewit::first, tom::first" "15339"
"15340" "" "15340"
"15341" "john_westlock::hand, tom::hand" "15341"
"15342" "" "15342"
"15343" "" "15343"
"15344" "john::hand, tom::hand" "15344"
"15345" "" "15345"
"15346" "" "15346"
"15347" "" "15347"
"15348" "" "15348"
"15349" "ruth::room, tom::room" "15349"
"15350" "tom::back" "15350"
"15351" "" "15351"
"15352" "" "15352"
"15353" "" "15353"
"15354" "tom::time" "15354"
"15355" "" "15355"
"15356" "" "15356"
"15357" "" "15357"
"15358" "" "15358"
"15359" "ruth::full, ruth::little" "15359"
"15360" "" "15360"
"15361" "" "15361"
"15362" "" "15362"
"15363" "" "15363"
"15364" "tom::two" "15364"
"15365" "" "15365"
"15366" "" "15366"
"15367" "" "15367"
"15368" "" "15368"
"15369" "" "15369"
"15370" "" "15370"
"15371" "" "15371"
"15372" "" "15372"
"15373" "" "15373"
"15374" "" "15374"
"15375" "" "15375"
"15376" "" "15376"
"15377" "" "15377"
"15378" "" "15378"
"15379" "" "15379"
"15380" "tapley::thought" "15380"
"15381" "" "15381"
"15382" "" "15382"
"15383" "tom::thought" "15383"
"15384" "tom::hand" "15384"
"15385" "" "15385"
"15386" "" "15386"
"15387" "martin::full, mary::full, tom::full" "15387"
"15388" "" "15388"
"15389" "" "15389"
"15390" "" "15390"
"15391" "tom_pinch::#-room" "15391"
"15392" "tom_pinch::dinner, tom_pinch::present" "15392"
"15393" "" "15393"
"15394" "tom::first, tom::hand" "15394"
"15395" "trump::wine" "15395"
"15396" "ruth_furnival::little" "15396"
"15397" "" "15397"
"15398" "tom::little" "15398"
"15399" "john::book, john::room, tom::book, tom::room" "15399"
"15400" "tom::actually, tom::thought" "15400"
"15401" "" "15401"
"15402" "" "15402"
"15403" "" "15403"
"15404" "" "15404"
"15405" "" "15405"
"15406" "" "15406"
"15407" "" "15407"
"15408" "" "15408"
"15409" "" "15409"
"15410" "" "15410"
"15411" "" "15411"
"15412" "ruth::can, tom::can" "15412"
"15413" "john::can" "15413"
"15414" "" "15414"
"15415" "" "15415"
"15416" "john::money, tom::money" "15416"
"15417" "" "15417"
"15418" "tom::#-love" "15418"
"15419" "tom::love" "15419"
"15420" "" "15420"
"15421" "" "15421"
"15422" "" "15422"
"15423" "" "15423"
"15424" "" "15424"
"15425" "ruth::little" "15425"
"15426" "" "15426"
"15427" "" "15427"
"15428" "" "15428"
"15429" "" "15429"
"15430" "" "15430"
"15431" "" "15431"
"15432" "tom::love" "15432"
"15433" "tom::person" "15433"
"15434" "" "15434"
"15435" "" "15435"
"15436" "" "15436"
"15437" "" "15437"
"15438" "" "15438"
"15439" "" "15439"
"15440" "" "15440"
"15441" "" "15441"
"15442" "" "15442"
"15443" "" "15443"
"15444" "" "15444"
"15445" "" "15445"
"15446" "" "15446"
"15447" "" "15447"
"15448" "pecksniff::frame" "15448"
"15449" "pecksniff::full" "15449"
"15450" "" "15450"
"15451" "" "15451"
"15452" "" "15452"
"15453" "" "15453"
"15454" "" "15454"
"15455" "" "15455"
"15456" "" "15456"
"15457" "" "15457"
"15458" "pecksniff::person" "15458"
"15459" "" "15459"
"15460" "pecksniff::hand" "15460"
"15461" "" "15461"
"15462" "" "15462"
"15463" "pecksniff::found" "15463"
"15464" "" "15464"
"15465" "george_chuzzlewit::female, george_chuzzlewit::reply, mrs_spottletoe::female, mrs_spottletoe::reply, pecksniff::female, pecksniff::reply" "15465"
"15466" "pecksniff::bitter" "15466"
"15467" "chuzzlewit::carriage, chuzzlewit::near, mark::carriage, mark::near, pecksniff::carriage, pecksniff::near" "15467"
"15468" "" "15468"
"15469" "" "15469"
"15470" "" "15470"
"15471" "" "15471"
"15472" "" "15472"
"15473" "" "15473"
"15474" "" "15474"
"15475" "" "15475"
"15476" "" "15476"
"15477" "" "15477"
"15478" "" "15478"
"15479" "" "15479"
"15480" "" "15480"
"15481" "" "15481"
"15482" "mrs_todgers::room" "15482"
"15483" "" "15483"
"15484" "chuzzlewit::hand" "15484"
"15485" "" "15485"
"15486" "" "15486"
"15487" "" "15487"
"15488" "" "15488"
"15489" "" "15489"
"15490" "" "15490"
"15491" "tom_pinch::time" "15491"
"15492" "" "15492"
"15493" "" "15493"
"15494" "" "15494"
"15495" "" "15495"
"15496" "" "15496"
"15497" "" "15497"
"15498" "" "15498"
"15499" "" "15499"
"15500" "" "15500"
"15501" "chuzzlewit::#-thought, chuzzlewit::time" "15501"
"15502" "" "15502"
"15503" "" "15503"
"15504" "" "15504"
"15505" "" "15505"
"15506" "" "15506"
"15507" "" "15507"
"15508" "" "15508"
"15509" "" "15509"
"15510" "" "15510"
"15511" "" "15511"
"15512" "" "15512"
"15513" "" "15513"
"15514" "" "15514"
"15515" "" "15515"
"15516" "" "15516"
"15517" "" "15517"
"15518" "" "15518"
"15519" "" "15519"
"15520" "" "15520"
"15521" "" "15521"
"15522" "" "15522"
"15523" "" "15523"
"15524" "" "15524"
"15525" "" "15525"
"15526" "" "15526"
"15527" "" "15527"
"15528" "" "15528"
"15529" "pecksniff::position" "15529"
"15530" "pecksniff::orange" "15530"
"15531" "mr_chuzzlewit::found" "15531"
"15532" "" "15532"
"15533" "" "15533"
"15534" "" "15534"
"15535" "" "15535"
"15536" "mrs_todgers::dress" "15536"
"15537" "" "15537"
"15538" "" "15538"
"15539" "augustus::hope, augustus::ready" "15539"
"15540" "pecksniff::time" "15540"
"15541" "" "15541"
"15542" "chuzzlewit::hope, chuzzlewit::natural" "15542"
"15543" "" "15543"
"15544" "chuzzlewit::little" "15544"
"15545" "" "15545"
"15546" "" "15546"
"15547" "chuzzlewit::painful" "15547"
"15548" "" "15548"
"15549" "" "15549"
"15550" "" "15550"
"15551" "" "15551"
"15552" "" "15552"
"15553" "mr_chuzzlewit::relation, pecksniff::relation" "15553"
"15554" "" "15554"
"15555" "augustus::beg" "15555"
"15556" "" "15556"
"15557" "" "15557"
"15558" "" "15558"
"15559" "" "15559"
"15560" "augustus::beg" "15560"
"15561" "" "15561"
"15562" "" "15562"
"15563" "" "15563"
"15564" "" "15564"
"15565" "samaritan::found" "15565"
"15566" "" "15566"
"15567" "" "15567"
"15568" "" "15568"
"15569" "" "15569"
"15570" "" "15570"
"15571" "" "15571"
"15572" "" "15572"
"15573" "" "15573"
"15574" "tapley::thought" "15574"
"15575" "" "15575"
"15576" "mark::person, mark::strange" "15576"
"15577" "" "15577"
"15578" "" "15578"
"15579" "" "15579"
"15580" "tapley::love" "15580"
"15581" "" "15581"
"15582" "" "15582"
"15583" "" "15583"
"15584" "" "15584"
"15585" "" "15585"
"15586" "" "15586"
"15587" "" "15587"
"15588" "" "15588"
"15589" "" "15589"
"15590" "" "15590"
"15591" "chuzzlewit::open, tapley::open" "15591"
"15592" "" "15592"
"15593" "" "15593"
"15594" "mark::box" "15594"
"15595" "tapley::hand" "15595"
"15596" "" "15596"
"15597" "" "15597"
"15598" "" "15598"
"15599" "" "15599"
"15600" "" "15600"
"15601" "" "15601"
"15602" "" "15602"
"15603" "" "15603"
"15604" "jinkins::first" "15604"
"15605" "jinkins::dress" "15605"
"15606" "" "15606"
"15607" "" "15607"
"15608" "pecksniff::point" "15608"
"15609" "" "15609"
"15610" "pecksniff::ahead" "15610"
"15611" "" "15611"
"15612" "" "15612"
"15613" "jinkins::unusual" "15613"
"15614" "" "15614"
"15615" "jinkins::bow, spottletoe::bow" "15615"
"15616" "" "15616"
"15617" "" "15617"
"15618" "" "15618"
"15619" "" "15619"
"15620" "" "15620"
"15621" "" "15621"
"15622" "" "15622"
"15623" "" "15623"
"15624" "" "15624"
"15625" "" "15625"
"15626" "" "15626"
"15627" "" "15627"
"15628" "" "15628"
"15629" "spottletoe::#-talk" "15629"
"15630" "" "15630"
"15631" "spottletoe::evasive" "15631"
"15632" "" "15632"
"15633" "" "15633"
"15634" "pecksniff::#-talk, pecksniff::open" "15634"
"15635" "" "15635"
"15636" "" "15636"
"15637" "" "15637"
"15638" "" "15638"
"15639" "" "15639"
"15640" "" "15640"
"15641" "" "15641"
"15642" "" "15642"
"15643" "" "15643"
"15644" "augustus::present" "15644"
"15645" "spottletoe::join" "15645"
"15646" "" "15646"
"15647" "" "15647"
"15648" "" "15648"
"15649" "" "15649"
"15650" "" "15650"
"15651" "" "15651"
"15652" "" "15652"
"15653" "augustus::hand, augustus::near, george_chuzzlewit::hand, george_chuzzlewit::near, jinkins::hand, jinkins::near" "15653"
"15654" "" "15654"
"15655" "" "15655"
"15656" "" "15656"
"15657" "" "15657"
"15658" "" "15658"
"15659" "" "15659"
"15660" "" "15660"
"15661" "" "15661"
"15662" "" "15662"
"15663" "" "15663"
"15664" "" "15664"
"15665" "" "15665"
"15666" "" "15666"
"15667" "" "15667"
"15668" "jinkins::back, jinkins::found, jinkins::hand, pecksniff::back, pecksniff::found, pecksniff::hand" "15668"
"15669" "" "15669"
"15670" "" "15670"
"15671" "" "15671"
"15672" "" "15672"
"15673" "" "15673"
"15674" "" "15674"
"15675" "" "15675"
"15676" "" "15676"
"15677" "" "15677"
"15678" "" "15678"
"15679" "" "15679"
"15680" "" "15680"
"15681" "" "15681"
"15682" "" "15682"
"15683" "" "15683"
"15684" "" "15684"
"15685" "" "15685"
"15686" "" "15686"
"15687" "" "15687"
"15688" "" "15688"
"15689" "" "15689"
"15690" "" "15690"
"15691" "" "15691"
"15692" "" "15692"
"15693" "" "15693"
"15694" "" "15694"
"15695" "" "15695"
"15696" "" "15696"
"15697" "" "15697"
"15698" "" "15698"
"15699" "" "15699"
"15700" "" "15700"
"15701" "" "15701"
"15702" "" "15702"
"15703" "" "15703"
"15704" "" "15704"
"15705" "tom::calm, tom::tranquil" "15705"
"15706" "" "15706"
"15707" "tom::hand, tom::touch" "15707"
"15708" "" "15708"
"15709" "tom::known, tom::little" "15709"
"15710" "ruth::can, ruth::rest, tom::can, tom::rest" "15710"
"15711" "" "15711"
"15712" "" "15712"
"15713" "ruth::little, tom::little" "15713"
"15714" "" "15714"
"15715" "" "15715"
