"afraid" "agreeable" "alone" "anxious" "bad" "beautiful" "bright" "busy" "certain" "cold" "curious" "difficult" "excellent" "fair" "fine" "glad" "good" "great" "handsome" "happy" "hard" "kind" "little" "natural" "old" "open" "plain" "pleasant" "poor" "pretty" "quiet" "rich" "short" "strange" "strong" "surprised" "young"
"afraid" 0 10 9 5 9 8 14 7 6 5 10 7 7 5 7 16 52 40 5 17 6 9 55 16 38 11 5 8 31 8 15 3 17 7 12 5 26
"agreeable" 10 0 3 6 6 8 7 3 7 6 7 3 5 2 13 13 39 34 7 13 2 4 45 6 24 11 6 12 19 10 7 5 13 8 5 3 23
"alone" 9 3 0 3 9 9 8 5 5 7 4 3 4 2 8 8 37 29 4 9 5 5 45 5 26 9 4 2 15 2 11 1 10 10 6 3 25
"anxious" 5 6 3 0 7 4 6 5 9 4 7 5 8 1 2 9 27 25 7 14 4 6 34 6 20 6 5 8 11 5 7 4 11 5 4 2 16
"bad" 9 6 9 7 0 4 8 6 15 10 13 6 8 7 10 14 53 39 9 9 12 7 57 13 45 15 4 4 20 9 12 6 20 8 11 5 30
"beautiful" 8 8 9 4 4 0 13 5 9 7 8 5 7 3 10 11 39 41 9 15 3 4 47 12 34 8 6 8 18 13 12 7 15 11 9 7 30
"bright" 14 7 8 6 8 13 0 15 10 13 12 5 5 5 16 16 48 45 11 18 4 9 56 14 45 12 6 11 25 10 11 9 14 12 9 6 28
"busy" 7 3 5 5 6 5 15 0 6 4 7 5 4 4 8 12 34 31 7 16 4 5 39 2 24 10 3 8 15 7 4 6 10 5 9 7 16
"certain" 6 7 5 9 15 9 10 6 0 4 4 7 7 5 12 13 42 33 11 12 7 8 52 15 40 10 5 13 12 11 15 5 13 7 7 5 30
"cold" 5 6 7 4 10 7 13 4 4 0 8 4 5 4 7 8 34 32 5 9 6 5 46 7 31 11 5 5 22 11 11 5 13 8 7 6 21
"curious" 10 7 4 7 13 8 12 7 4 8 0 9 6 3 9 9 42 37 7 17 3 7 44 9 35 12 7 7 21 6 13 9 18 10 11 7 27
"difficult" 7 3 3 5 6 5 5 5 7 4 9 0 6 1 8 3 28 21 3 8 2 2 32 8 23 9 4 4 14 3 7 4 8 6 5 6 19
"excellent" 7 5 4 8 8 7 5 4 7 5 6 6 0 3 6 9 25 23 3 10 4 2 31 10 20 9 2 7 14 4 5 2 12 3 4 1 20
"fair" 5 2 2 1 7 3 5 4 5 4 3 1 3 0 9 7 25 24 6 4 4 3 31 5 22 10 3 4 8 4 7 4 13 0 5 3 15
"fine" 7 13 8 2 10 10 16 8 12 7 9 8 6 9 0 16 47 42 8 9 8 2 54 11 43 12 8 11 19 11 10 6 13 8 13 10 33
"glad" 16 13 8 9 14 11 16 12 13 8 9 3 9 7 16 0 61 53 12 24 11 8 73 14 48 16 10 12 32 14 12 8 24 9 10 9 47
"good" 52 39 37 27 53 39 48 34 42 34 42 28 25 25 47 61 0 181 30 68 35 28 254 47 170 53 26 42 103 40 47 27 67 41 48 28 129
"great" 40 34 29 25 39 41 45 31 33 32 37 21 23 24 42 53 181 0 32 62 26 25 220 44 156 45 22 36 88 37 46 18 70 37 35 26 112
"handsome" 5 7 4 7 9 9 11 7 11 5 7 3 3 6 8 12 30 32 0 10 4 9 38 8 35 6 6 4 12 12 4 8 11 6 4 5 17
"happy" 17 13 9 14 9 15 18 16 12 9 17 8 10 4 9 24 68 62 10 0 9 13 77 15 59 20 8 12 41 19 13 13 21 12 9 10 43
"hard" 6 2 5 4 12 3 4 4 7 6 3 2 4 4 8 11 35 26 4 9 0 0 38 9 27 8 6 9 20 8 6 2 7 3 10 1 25
"kind" 9 4 5 6 7 4 9 5 8 5 7 2 2 3 2 8 28 25 9 13 0 0 31 9 22 5 2 8 14 7 7 3 14 5 5 3 13
"little" 55 45 45 34 57 47 56 39 52 46 44 32 31 31 54 73 254 220 38 77 38 31 0 58 209 66 34 49 119 44 64 28 89 41 47 33 153
"natural" 16 6 5 6 13 12 14 2 15 7 9 8 10 5 11 14 47 44 8 15 9 9 58 0 47 15 5 7 23 13 10 5 18 9 12 7 31
"old" 38 24 26 20 45 34 45 24 40 31 35 23 20 22 43 48 170 156 35 59 27 22 209 47 0 44 25 31 80 36 47 24 60 22 35 20 105
"open" 11 11 9 6 15 8 12 10 10 11 12 9 9 10 12 16 53 45 6 20 8 5 66 15 44 0 11 11 26 12 14 4 17 13 9 13 32
"plain" 5 6 4 5 4 6 6 3 5 5 7 4 2 3 8 10 26 22 6 8 6 2 34 5 25 11 0 2 14 5 8 1 8 9 7 6 17
"pleasant" 8 12 2 8 4 8 11 8 13 5 7 4 7 4 11 12 42 36 4 12 9 8 49 7 31 11 2 0 13 6 9 4 14 8 10 4 25
"poor" 31 19 15 11 20 18 25 15 12 22 21 14 14 8 19 32 103 88 12 41 20 14 119 23 80 26 14 13 0 20 29 11 31 15 18 13 65
"pretty" 8 10 2 5 9 13 10 7 11 11 6 3 4 4 11 14 40 37 12 19 8 7 44 13 36 12 5 6 20 0 11 7 10 4 7 10 30
"quiet" 15 7 11 7 12 12 11 4 15 11 13 7 5 7 10 12 47 46 4 13 6 7 64 10 47 14 8 9 29 11 0 5 18 8 6 4 30
"rich" 3 5 1 4 6 7 9 6 5 5 9 4 2 4 6 8 27 18 8 13 2 3 28 5 24 4 1 4 11 7 5 0 12 3 2 1 13
"short" 17 13 10 11 20 15 14 10 13 13 18 8 12 13 13 24 67 70 11 21 7 14 89 18 60 17 8 14 31 10 18 12 0 12 17 11 40
"strange" 7 8 10 5 8 11 12 5 7 8 10 6 3 0 8 9 41 37 6 12 3 5 41 9 22 13 9 8 15 4 8 3 12 0 5 2 20
"strong" 12 5 6 4 11 9 9 9 7 7 11 5 4 5 13 10 48 35 4 9 10 5 47 12 35 9 7 10 18 7 6 2 17 5 0 6 26
"surprised" 5 3 3 2 5 7 6 7 5 6 7 6 1 3 10 9 28 26 5 10 1 3 33 7 20 13 6 4 13 10 4 1 11 2 6 0 16
"young" 26 23 25 16 30 30 28 16 30 21 27 19 20 15 33 47 129 112 17 43 25 13 153 31 105 32 17 25 65 30 30 13 40 20 26 16 0
