"root_node_id" "tag"
"1" NA
"1" "1"
"2" NA
"2" "2"
"3" NA
"3" "3"
"4" NA
"4" "4"
"5" NA
"5" "5"
"6" "extraordinary"
"7" "tired"
"8" NA
"8" "8"
"9" NA
"9" "9"
"10" "useful"
"11" NA
"11" "11"
"12" NA
"12" "12"
"13" "little"
"14" NA
"14" "14"
"15" NA
"15" "15"
"16" NA
"16" "16"
"17" NA
"17" "17"
"18" "good"
"19" "familiar"
"20" NA
"20" "20"
"21" NA
"21" "21"
"22" "great"
"23" NA
"23" "23"
"24" NA
"24" "24"
"25" "natural"
"25" "young"
"26" NA
"26" "26"
"27" "old"
"28" NA
"28" "28"
"29" NA
"29" "29"
"30" NA
"30" "30"
"31" NA
"31" "31"
"32" NA
"32" "32"
"33" NA
"33" "33"
"34" NA
"34" "34"
"35" NA
"35" "35"
"36" NA
"36" "36"
"37" NA
"37" "37"
"38" "poor"
"39" NA
"39" "39"
"40" NA
"40" "40"
"42" NA
"42" "42"
"43" NA
"43" "43"
"44" NA
"44" "44"
"45" NA
"45" "45"
"46" NA
"46" "46"
"49" NA
"49" "49"
"50" NA
"50" "50"
"51" NA
"51" "51"
"52" NA
"52" "52"
"53" NA
"53" "53"
"54" NA
"54" "54"
"55" NA
"55" "55"
"57" NA
"57" "57"
"59" "professional"
"60" "hard"
"61" NA
"61" "61"
"62" NA
"62" "62"
"63" NA
"63" "63"
"65" NA
"65" "65"
"66" NA
"66" "66"
"68" "open"
"69" NA
"69" "69"
"70" NA
"70" "70"
"71" NA
"71" "71"
"72" NA
"72" "72"
"73" NA
"73" "73"
"74" "rich"
"75" NA
"75" "75"
"76" "private"
"77" NA
"77" "77"
"78" "plain"
"79" "cold"
"80" "bad"
"81" NA
"81" "81"
"83" "original"
"84" NA
"84" "84"
"85" "proper"
"86" NA
"86" "86"
"87" NA
"87" "87"
"88" NA
"88" "88"
"89" NA
"89" "89"
"90" NA
"90" "90"
"91" "short"
"91" "tall"
"92" NA
"92" "92"
"93" NA
"93" "93"
"94" NA
"94" "94"
"95" NA
"95" "95"
"96" NA
"96" "96"
"97" NA
"97" "97"
"98" NA
"98" "98"
"99" NA
"99" "99"
"100" NA
"100" "100"
"101" NA
"101" "101"
"102" "inexperienced"
"103" NA
"103" "103"
"104" NA
"104" "104"
"105" NA
"105" "105"
"106" NA
"106" "106"
"107" NA
"107" "107"
"108" NA
"108" "108"
"109" NA
"109" "109"
"110" NA
"110" "110"
"111" NA
"111" "111"
"112" NA
"112" "112"
"113" NA
"113" "113"
"114" NA
"114" "114"
"115" NA
"115" "115"
"116" NA
"116" "116"
"117" "violent"
"118" NA
"118" "118"
"119" NA
"119" "119"
"120" NA
"120" "120"
"121" "clean"
"122" NA
"122" "122"
"123" NA
"123" "123"
"124" NA
"124" "124"
"125" NA
"125" "125"
"126" NA
"126" "126"
"127" NA
"127" "127"
"128" NA
"128" "128"
"129" NA
"129" "129"
"130" NA
"130" "130"
"131" "remarkable"
"132" NA
"132" "132"
"133" NA
"133" "133"
"134" NA
"134" "134"
"135" NA
"135" "135"
"136" NA
"136" "136"
"137" NA
"137" "137"
"138" NA
"138" "138"
"139" NA
"139" "139"
"140" NA
"140" "140"
"141" "impatient"
"142" NA
"142" "142"
"144" NA
"144" "144"
"145" NA
"145" "145"
"148" "pleasant"
"151" NA
"151" "151"
"152" "fair"
"153" "agreeable"
"154" NA
"154" "154"
"155" "dumb"
"155" "exciting"
"155" "loud"
"156" NA
"156" "156"
"159" NA
"159" "159"
"161" NA
"161" "161"
"162" NA
"162" "162"
"163" NA
"163" "163"
"164" NA
"164" "164"
"165" NA
"165" "165"
"166" NA
"166" "166"
"168" NA
"168" "168"
"169" "unhappy"
"169" "warm"
"170" NA
"170" "170"
"172" NA
"172" "172"
"173" NA
"173" "173"
"174" NA
"174" "174"
"175" NA
"175" "175"
"177" NA
"177" "177"
"178" NA
"178" "178"
"179" "brilliant"
"181" NA
"181" "181"
"182" NA
"182" "182"
"183" NA
"183" "183"
"184" NA
"184" "184"
"185" NA
"185" "185"
"186" NA
"186" "186"
"187" NA
"187" "187"
"188" NA
"188" "188"
"189" NA
"189" "189"
"190" NA
"190" "190"
"191" NA
"191" "191"
"192" NA
"192" "192"
"193" NA
"193" "193"
"194" NA
"194" "194"
"195" NA
"195" "195"
"196" NA
"196" "196"
"197" NA
"197" "197"
"198" NA
"198" "198"
"199" NA
"199" "199"
"200" NA
"200" "200"
"201" NA
"201" "201"
"202" NA
"202" "202"
"203" NA
"203" "203"
"204" NA
"204" "204"
"205" "#-surprised"
"207" NA
"207" "207"
"208" NA
"208" "208"
"209" NA
"209" "209"
"210" NA
"210" "210"
"211" NA
"211" "211"
"212" NA
"212" "212"
"213" NA
"213" "213"
"214" NA
"214" "214"
"215" NA
"215" "215"
"216" NA
"216" "216"
"217" NA
"217" "217"
"219" "ordinary"
"220" NA
"220" "220"
"221" NA
"221" "221"
"222" "reasonable"
"225" NA
"225" "225"
"226" NA
"226" "226"
"229" "charming"
"232" NA
"232" "232"
"233" NA
"233" "233"
"234" NA
"234" "234"
"235" NA
"235" "235"
"236" NA
"236" "236"
"237" "stupid"
"238" NA
"238" "238"
"239" NA
"239" "239"
"240" NA
"240" "240"
"241" NA
"241" "241"
"242" NA
"242" "242"
"243" NA
"243" "243"
"245" NA
"245" "245"
"246" NA
"246" "246"
"247" NA
"247" "247"
"248" NA
"248" "248"
"249" NA
"249" "249"
"250" NA
"250" "250"
"251" NA
"251" "251"
"252" NA
"252" "252"
"253" NA
"253" "253"
"254" NA
"254" "254"
"255" NA
"255" "255"
"256" NA
"256" "256"
"257" NA
"257" "257"
"258" "powerful"
"259" NA
"259" "259"
"260" NA
"260" "260"
"262" NA
"262" "262"
"263" NA
"263" "263"
"264" NA
"264" "264"
"265" NA
"265" "265"
"266" NA
"266" "266"
"267" NA
"267" "267"
"268" NA
"268" "268"
"269" NA
"269" "269"
"270" NA
"270" "270"
"271" NA
"271" "271"
"272" NA
"272" "272"
"273" NA
"273" "273"
"274" NA
"274" "274"
"275" NA
"275" "275"
"276" NA
"276" "276"
"277" NA
"277" "277"
"278" "gracious"
"279" NA
"279" "279"
"281" "happy"
"282" NA
"282" "282"
"283" NA
"283" "283"
"284" NA
"284" "284"
"286" NA
"286" "286"
"287" NA
"287" "287"
"288" NA
"288" "288"
"289" NA
"289" "289"
"290" "beautiful"
"291" NA
"291" "291"
"292" NA
"292" "292"
"293" NA
"293" "293"
"294" NA
"294" "294"
"295" NA
"295" "295"
"296" NA
"296" "296"
"297" NA
"297" "297"
"298" NA
"298" "298"
"299" NA
"299" "299"
"300" NA
"300" "300"
"302" NA
"302" "302"
"303" NA
"303" "303"
"304" NA
"304" "304"
"305" NA
"305" "305"
"306" NA
"306" "306"
"308" NA
"308" "308"
"309" NA
"309" "309"
"311" NA
"311" "311"
"312" NA
"312" "312"
"314" NA
"314" "314"
"315" NA
"315" "315"
"316" "fine"
"317" NA
"317" "317"
"318" NA
"318" "318"
"319" NA
"319" "319"
"321" NA
"321" "321"
"322" NA
"322" "322"
"324" "elderly"
"325" NA
"325" "325"
"327" NA
"327" "327"
"328" NA
"328" "328"
"329" NA
"329" "329"
"330" NA
"330" "330"
"331" NA
"331" "331"
"333" NA
"333" "333"
"334" NA
"334" "334"
"335" NA
"335" "335"
"338" NA
"338" "338"
"339" NA
"339" "339"
"340" NA
"340" "340"
"341" NA
"341" "341"
"344" "#-old"
"345" NA
"345" "345"
"346" NA
"346" "346"
"347" NA
"347" "347"
"348" NA
"348" "348"
"349" NA
"349" "349"
"350" NA
"350" "350"
"351" NA
"351" "351"
"352" NA
"352" "352"
"354" "delightful"
"355" NA
"355" "355"
"356" NA
"356" "356"
"357" NA
"357" "357"
"358" NA
"358" "358"
"359" NA
"359" "359"
"360" NA
"360" "360"
"361" NA
"361" "361"
"362" NA
"362" "362"
"363" NA
"363" "363"
"364" NA
"364" "364"
"365" NA
"365" "365"
"366" NA
"366" "366"
"367" NA
"367" "367"
"368" NA
"368" "368"
"369" NA
"369" "369"
"370" "honest"
"371" NA
"371" "371"
"374" NA
"374" "374"
"375" NA
"375" "375"
"376" NA
"376" "376"
"377" NA
"377" "377"
"378" NA
"378" "378"
"379" NA
"379" "379"
"380" NA
"380" "380"
"381" "glad"
"382" NA
"382" "382"
"383" "delighted"
"384" NA
"384" "384"
"385" NA
"385" "385"
"386" NA
"386" "386"
"387" NA
"387" "387"
"388" NA
"388" "388"
"389" NA
"389" "389"
"390" "bright"
"390" "proud"
"390" "sad"
"391" NA
"391" "391"
"392" NA
"392" "392"
"393" "accomplished"
"394" NA
"394" "394"
"395" NA
"395" "395"
"396" "quiet"
"397" NA
"397" "397"
"398" NA
"398" "398"
"400" NA
"400" "400"
"401" NA
"401" "401"
"402" NA
"402" "402"
"403" NA
"403" "403"
"404" NA
"404" "404"
"405" NA
"405" "405"
"406" NA
"406" "406"
"407" NA
"407" "407"
"408" NA
"408" "408"
"409" NA
"409" "409"
"410" "popular"
"412" NA
"412" "412"
"413" NA
"413" "413"
"414" NA
"414" "414"
"416" NA
"416" "416"
"417" NA
"417" "417"
"418" NA
"418" "418"
"420" NA
"420" "420"
"421" NA
"421" "421"
"422" NA
"422" "422"
"423" NA
"423" "423"
"424" NA
"424" "424"
"425" NA
"425" "425"
"427" NA
"427" "427"
"429" NA
"429" "429"
"431" NA
"431" "431"
"435" NA
"435" "435"
"436" NA
"436" "436"
"438" NA
"438" "438"
"439" NA
"439" "439"
"440" NA
"440" "440"
"441" NA
"441" "441"
"442" "youthful"
"443" NA
"443" "443"
"445" NA
"445" "445"
"446" NA
"446" "446"
"448" NA
"448" "448"
"449" NA
"449" "449"
"450" NA
"450" "450"
"452" NA
"452" "452"
"455" NA
"455" "455"
"457" NA
"457" "457"
"458" NA
"458" "458"
"459" "pretty"
"460" NA
"460" "460"
"461" NA
"461" "461"
"462" NA
"462" "462"
"463" NA
"463" "463"
"464" "persuasive"
"465" NA
"465" "465"
"466" NA
"466" "466"
"467" NA
"467" "467"
"469" NA
"469" "469"
"470" NA
"470" "470"
"471" NA
"471" "471"
"472" NA
"472" "472"
"473" NA
"473" "473"
"475" NA
"475" "475"
"476" NA
"476" "476"
"477" NA
"477" "477"
"478" NA
"478" "478"
"480" NA
"480" "480"
"481" NA
"481" "481"
"482" NA
"482" "482"
"483" NA
"483" "483"
"484" NA
"484" "484"
"486" NA
"486" "486"
"487" NA
"487" "487"
"488" NA
"488" "488"
"489" NA
"489" "489"
"490" NA
"490" "490"
"491" NA
"491" "491"
"493" NA
"493" "493"
"494" NA
"494" "494"
"495" NA
"495" "495"
"497" NA
"497" "497"
"498" NA
"498" "498"
"500" NA
"500" "500"
"501" NA
"501" "501"
"502" NA
"502" "502"
"503" NA
"503" "503"
"504" NA
"504" "504"
"505" NA
"505" "505"
"506" NA
"506" "506"
"507" NA
"507" "507"
"508" NA
"508" "508"
"509" NA
"509" "509"
"510" NA
"510" "510"
"511" NA
"511" "511"
"512" NA
"512" "512"
"513" NA
"513" "513"
"514" NA
"514" "514"
"515" NA
"515" "515"
"516" NA
"516" "516"
"517" NA
"517" "517"
"518" "#-happy"
"519" NA
"519" "519"
"520" NA
"520" "520"
"521" NA
"521" "521"
"522" NA
"522" "522"
"523" NA
"523" "523"
"524" NA
"524" "524"
"526" NA
"526" "526"
"527" NA
"527" "527"
"528" NA
"528" "528"
"529" NA
"529" "529"
"530" NA
"530" "530"
"531" NA
"531" "531"
"532" NA
"532" "532"
"533" NA
"533" "533"
"534" NA
"534" "534"
"535" NA
"535" "535"
"536" NA
"536" "536"
"537" NA
"537" "537"
"538" NA
"538" "538"
"539" NA
"539" "539"
"540" NA
"540" "540"
"541" NA
"541" "541"
"542" NA
"542" "542"
"545" NA
"545" "545"
"546" NA
"546" "546"
"548" NA
"548" "548"
"549" NA
"549" "549"
"550" NA
"550" "550"
"552" NA
"552" "552"
"553" NA
"553" "553"
"554" NA
"554" "554"
"555" NA
"555" "555"
"556" NA
"556" "556"
"557" NA
"557" "557"
"558" NA
"558" "558"
"560" NA
"560" "560"
"562" NA
"562" "562"
"563" NA
"563" "563"
"564" NA
"564" "564"
"565" NA
"565" "565"
"567" NA
"567" "567"
"568" NA
"568" "568"
"569" NA
"569" "569"
"570" NA
"570" "570"
"571" NA
"571" "571"
"572" NA
"572" "572"
"573" NA
"573" "573"
"574" NA
"574" "574"
"576" NA
"576" "576"
"577" NA
"577" "577"
"579" NA
"579" "579"
"580" NA
"580" "580"
"581" "ignorant"
"584" NA
"584" "584"
"586" NA
"586" "586"
"587" NA
"587" "587"
"589" NA
"589" "589"
"591" NA
"591" "591"
"592" NA
"592" "592"
"593" NA
"593" "593"
"594" NA
"594" "594"
"595" NA
"595" "595"
"596" NA
"596" "596"
"597" NA
"597" "597"
"598" NA
"598" "598"
"599" NA
"599" "599"
"601" NA
"601" "601"
"602" NA
"602" "602"
"603" NA
"603" "603"
"604" NA
"604" "604"
"605" NA
"605" "605"
"606" NA
"606" "606"
"607" NA
"607" "607"
"608" NA
"608" "608"
"609" NA
"609" "609"
"610" NA
"610" "610"
"611" NA
"611" "611"
"612" NA
"612" "612"
"613" NA
"613" "613"
"614" NA
"614" "614"
"615" NA
"615" "615"
"616" NA
"616" "616"
"617" NA
"617" "617"
"618" NA
"618" "618"
"619" NA
"619" "619"
"620" NA
"620" "620"
"621" NA
"621" "621"
"622" NA
"622" "622"
"623" NA
"623" "623"
"624" "ridiculous"
"625" NA
"625" "625"
"626" NA
"626" "626"
"627" "pleased"
"628" NA
"628" "628"
"629" NA
"629" "629"
"630" NA
"630" "630"
"633" NA
"633" "633"
"634" NA
"634" "634"
"635" NA
"635" "635"
"636" NA
"636" "636"
"637" NA
"637" "637"
"640" NA
"640" "640"
"641" NA
"641" "641"
"642" NA
"642" "642"
"643" "afraid"
"644" NA
"644" "644"
"645" NA
"645" "645"
"646" NA
"646" "646"
"647" NA
"647" "647"
"648" NA
"648" "648"
"650" NA
"650" "650"
"653" NA
"653" "653"
"654" NA
"654" "654"
"656" NA
"656" "656"
"657" NA
"657" "657"
"658" NA
"658" "658"
"660" NA
"660" "660"
"661" NA
"661" "661"
"662" NA
"662" "662"
"663" NA
"663" "663"
"664" NA
"664" "664"
"666" NA
"666" "666"
"667" "sweet"
"668" NA
"668" "668"
"670" "good-natured"
"672" NA
"672" "672"
"673" NA
"673" "673"
"674" NA
"674" "674"
"675" "busy"
"676" NA
"676" "676"
"677" NA
"677" "677"
"678" NA
"678" "678"
"679" NA
"679" "679"
"680" NA
"680" "680"
"681" NA
"681" "681"
"682" NA
"682" "682"
"683" NA
"683" "683"
"684" NA
"684" "684"
"685" NA
"685" "685"
"686" NA
"686" "686"
"687" NA
"687" "687"
"688" NA
"688" "688"
"690" NA
"690" "690"
"691" "cheerful"
"692" NA
"692" "692"
"694" NA
"694" "694"
"695" NA
"695" "695"
"696" NA
"696" "696"
"697" NA
"697" "697"
"698" NA
"698" "698"
"699" NA
"699" "699"
"701" NA
"701" "701"
"702" NA
"702" "702"
"703" NA
"703" "703"
"706" NA
"706" "706"
"707" "interesting"
"708" NA
"708" "708"
"713" NA
"713" "713"
"714" NA
"714" "714"
"715" NA
"715" "715"
"716" NA
"716" "716"
"719" NA
"719" "719"
"720" NA
"720" "720"
"721" NA
"721" "721"
"722" NA
"722" "722"
"723" NA
"723" "723"
"724" NA
"724" "724"
"725" NA
"725" "725"
"726" NA
"726" "726"
"727" NA
"727" "727"
"728" NA
"728" "728"
"729" NA
"729" "729"
"730" NA
"730" "730"
"731" NA
"731" "731"
"732" NA
"732" "732"
"733" NA
"733" "733"
"735" NA
"735" "735"
"736" NA
"736" "736"
"737" NA
"737" "737"
"738" NA
"738" "738"
"740" NA
"740" "740"
"741" "rough"
"742" NA
"742" "742"
"744" NA
"744" "744"
"745" NA
"745" "745"
"746" NA
"746" "746"
"747" NA
"747" "747"
"748" NA
"748" "748"
"749" NA
"749" "749"
"750" NA
"750" "750"
"752" NA
"752" "752"
"753" NA
"753" "753"
"755" NA
"755" "755"
"756" NA
"756" "756"
"757" NA
"757" "757"
"758" NA
"758" "758"
"759" NA
"759" "759"
"760" NA
"760" "760"
"762" NA
"762" "762"
"764" NA
"764" "764"
"765" NA
"765" "765"
"766" NA
"766" "766"
"767" NA
"767" "767"
"768" NA
"768" "768"
"769" NA
"769" "769"
"770" NA
"770" "770"
"771" NA
"771" "771"
"772" NA
"772" "772"
"773" NA
"773" "773"
"775" NA
"775" "775"
"776" NA
"776" "776"
"777" NA
"777" "777"
"779" NA
"779" "779"
"780" NA
"780" "780"
"781" NA
"781" "781"
"782" NA
"782" "782"
"783" "#-responsible"
"784" "considerate"
"787" NA
"787" "787"
"788" NA
"788" "788"
"789" NA
"789" "789"
"790" NA
"790" "790"
"791" NA
"791" "791"
"792" NA
"792" "792"
"793" NA
"793" "793"
"796" "critical"
"799" "curious"
"800" NA
"800" "800"
"801" NA
"801" "801"
"804" NA
"804" "804"
"805" NA
"805" "805"
"806" NA
"806" "806"
"808" NA
"808" "808"
"810" NA
"810" "810"
"812" NA
"812" "812"
"813" NA
"813" "813"
"814" NA
"814" "814"
"815" NA
"815" "815"
"816" NA
"816" "816"
"817" NA
"817" "817"
"818" NA
"818" "818"
"819" NA
"819" "819"
"821" NA
"821" "821"
"822" NA
"822" "822"
"823" NA
"823" "823"
"824" NA
"824" "824"
"825" NA
"825" "825"
"826" NA
"826" "826"
"827" "stable"
"828" NA
"828" "828"
"829" NA
"829" "829"
"830" NA
"830" "830"
"831" NA
"831" "831"
"832" NA
"832" "832"
"834" NA
"834" "834"
"835" NA
"835" "835"
"836" NA
"836" "836"
"837" NA
"837" "837"
"839" NA
"839" "839"
"840" NA
"840" "840"
"841" NA
"841" "841"
"842" NA
"842" "842"
"843" NA
"843" "843"
"845" NA
"845" "845"
"846" NA
"846" "846"
"847" NA
"847" "847"
"848" "affectionate"
"849" NA
"849" "849"
"850" NA
"850" "850"
"851" NA
"851" "851"
"852" NA
"852" "852"
"853" NA
"853" "853"
"854" NA
"854" "854"
"855" "strong"
"856" NA
"856" "856"
"857" NA
"857" "857"
"860" NA
"860" "860"
"861" NA
"861" "861"
"862" NA
"862" "862"
"863" NA
"863" "863"
"864" NA
"864" "864"
"865" NA
"865" "865"
"866" NA
"866" "866"
"867" NA
"867" "867"
"868" NA
"868" "868"
"869" NA
"869" "869"
"870" NA
"870" "870"
"873" NA
"873" "873"
"874" NA
"874" "874"
"875" NA
"875" "875"
"876" NA
"876" "876"
"877" NA
"877" "877"
"878" NA
"878" "878"
"879" NA
"879" "879"
"880" NA
"880" "880"
"881" NA
"881" "881"
"882" NA
"882" "882"
"883" NA
"883" "883"
"885" NA
"885" "885"
"886" NA
"886" "886"
"887" NA
"887" "887"
"888" NA
"888" "888"
"889" "gentle"
"890" "#-graceful"
"891" NA
"891" "891"
"895" "devoted"
"896" NA
"896" "896"
"897" NA
"897" "897"
"898" NA
"898" "898"
"900" NA
"900" "900"
"903" NA
"903" "903"
"904" NA
"904" "904"
"905" NA
"905" "905"
"906" NA
"906" "906"
"907" "religious"
"910" NA
"910" "910"
"911" NA
"911" "911"
"913" NA
"913" "913"
"915" NA
"915" "915"
"916" NA
"916" "916"
"917" NA
"917" "917"
"918" NA
"918" "918"
"919" NA
"919" "919"
"920" NA
"920" "920"
"921" "#-accomplished"
"922" NA
"922" "922"
"923" NA
"923" "923"
"924" NA
"924" "924"
"925" NA
"925" "925"
"926" NA
"926" "926"
"927" NA
"927" "927"
"928" NA
"928" "928"
"929" NA
"929" "929"
"930" "peaceful"
"932" NA
"932" "932"
"933" NA
"933" "933"
"934" NA
"934" "934"
"936" NA
"936" "936"
"937" NA
"937" "937"
"938" NA
"938" "938"
"941" NA
"941" "941"
"942" NA
"942" "942"
"943" NA
"943" "943"
"944" NA
"944" "944"
"945" NA
"945" "945"
"946" NA
"946" "946"
"947" NA
"947" "947"
"948" NA
"948" "948"
"949" NA
"949" "949"
"950" NA
"950" "950"
"951" NA
"951" "951"
"952" "angry"
"953" NA
"953" "953"
"954" NA
"954" "954"
"956" NA
"956" "956"
"957" NA
"957" "957"
"958" NA
"958" "958"
"959" NA
"959" "959"
"960" NA
"960" "960"
"961" NA
"961" "961"
"963" NA
"963" "963"
"965" "lovely"
"966" NA
"966" "966"
"969" NA
"969" "969"
"970" NA
"970" "970"
"971" NA
"971" "971"
"972" NA
"972" "972"
"973" NA
"973" "973"
"974" NA
"974" "974"
"976" NA
"976" "976"
"977" NA
"977" "977"
"978" NA
"978" "978"
"979" NA
"979" "979"
"980" NA
"980" "980"
"981" NA
"981" "981"
"982" NA
"982" "982"
"983" NA
"983" "983"
"984" NA
"984" "984"
"985" NA
"985" "985"
"986" NA
"986" "986"
"987" NA
"987" "987"
"988" NA
"988" "988"
"989" NA
"989" "989"
"991" NA
"991" "991"
"992" "firm"
"993" NA
"993" "993"
"994" NA
"994" "994"
"995" NA
"995" "995"
"998" NA
"998" "998"
"999" NA
"999" "999"
"1000" NA
"1000" "1000"
"1002" NA
"1002" "1002"
"1003" NA
"1003" "1003"
"1004" NA
"1004" "1004"
"1005" NA
"1005" "1005"
"1008" NA
"1008" "1008"
"1009" NA
"1009" "1009"
"1011" NA
"1011" "1011"
"1012" NA
"1012" "1012"
"1014" NA
"1014" "1014"
"1016" NA
"1016" "1016"
"1019" NA
"1019" "1019"
"1020" NA
"1020" "1020"
"1021" NA
"1021" "1021"
"1024" NA
"1024" "1024"
"1025" NA
"1025" "1025"
"1026" NA
"1026" "1026"
"1027" NA
"1027" "1027"
"1028" NA
"1028" "1028"
"1029" NA
"1029" "1029"
"1030" NA
"1030" "1030"
"1034" NA
"1034" "1034"
"1035" NA
"1035" "1035"
"1036" NA
"1036" "1036"
"1039" NA
"1039" "1039"
"1043" NA
"1043" "1043"
"1045" "#-fair"
"1046" NA
"1046" "1046"
"1049" NA
"1049" "1049"
"1050" NA
"1050" "1050"
"1052" NA
"1052" "1052"
"1053" NA
"1053" "1053"
"1056" NA
"1056" "1056"
"1057" "dangerous"
"1058" NA
"1058" "1058"
"1059" NA
"1059" "1059"
"1060" NA
"1060" "1060"
"1063" NA
"1063" "1063"
"1064" NA
"1064" "1064"
"1065" NA
"1065" "1065"
"1068" NA
"1068" "1068"
"1069" NA
"1069" "1069"
"1070" NA
"1070" "1070"
"1073" NA
"1073" "1073"
"1074" NA
"1074" "1074"
"1075" NA
"1075" "1075"
"1077" NA
"1077" "1077"
"1078" NA
"1078" "1078"
"1079" "noisy"
"1080" NA
"1080" "1080"
"1081" NA
"1081" "1081"
"1082" NA
"1082" "1082"
"1083" NA
"1083" "1083"
"1084" NA
"1084" "1084"
"1085" NA
"1085" "1085"
"1087" NA
"1087" "1087"
"1088" NA
"1088" "1088"
"1089" NA
"1089" "1089"
"1091" "bold"
"1091" "fat"
"1092" NA
"1092" "1092"
"1093" NA
"1093" "1093"
"1094" NA
"1094" "1094"
"1095" NA
"1095" "1095"
"1097" NA
"1097" "1097"
"1098" NA
"1098" "1098"
"1099" NA
"1099" "1099"
"1100" NA
"1100" "1100"
"1101" NA
"1101" "1101"
"1102" NA
"1102" "1102"
"1106" NA
"1106" "1106"
"1107" NA
"1107" "1107"
"1108" NA
"1108" "1108"
"1110" "kind"
"1111" NA
"1111" "1111"
"1112" NA
"1112" "1112"
"1113" NA
"1113" "1113"
"1114" NA
"1114" "1114"
"1115" NA
"1115" "1115"
"1116" NA
"1116" "1116"
"1117" NA
"1117" "1117"
"1119" NA
"1119" "1119"
"1120" NA
"1120" "1120"
"1121" NA
"1121" "1121"
"1123" NA
"1123" "1123"
"1124" NA
"1124" "1124"
"1125" NA
"1125" "1125"
"1126" NA
"1126" "1126"
"1127" NA
"1127" "1127"
"1128" NA
"1128" "1128"
"1129" NA
"1129" "1129"
"1130" NA
"1130" "1130"
"1131" NA
"1131" "1131"
"1132" NA
"1132" "1132"
"1133" NA
"1133" "1133"
"1134" NA
"1134" "1134"
"1136" NA
"1136" "1136"
"1137" NA
"1137" "1137"
"1138" NA
"1138" "1138"
"1139" NA
"1139" "1139"
"1141" NA
"1141" "1141"
"1142" NA
"1142" "1142"
"1143" NA
"1143" "1143"
"1145" NA
"1145" "1145"
"1146" NA
"1146" "1146"
"1147" NA
"1147" "1147"
"1148" NA
"1148" "1148"
"1149" NA
"1149" "1149"
"1151" NA
"1151" "1151"
"1153" NA
"1153" "1153"
"1154" NA
"1154" "1154"
"1156" NA
"1156" "1156"
"1157" NA
"1157" "1157"
"1158" NA
"1158" "1158"
"1159" NA
"1159" "1159"
"1161" NA
"1161" "1161"
"1164" NA
"1164" "1164"
"1165" NA
"1165" "1165"
"1167" NA
"1167" "1167"
"1168" NA
"1168" "1168"
"1169" NA
"1169" "1169"
"1170" NA
"1170" "1170"
"1171" NA
"1171" "1171"
"1172" NA
"1172" "1172"
"1173" NA
"1173" "1173"
"1174" NA
"1174" "1174"
"1175" NA
"1175" "1175"
"1177" NA
"1177" "1177"
"1178" NA
"1178" "1178"
"1179" NA
"1179" "1179"
"1180" NA
"1180" "1180"
"1182" NA
"1182" "1182"
"1183" NA
"1183" "1183"
"1184" NA
"1184" "1184"
"1185" NA
"1185" "1185"
"1186" NA
"1186" "1186"
"1187" NA
"1187" "1187"
"1190" NA
"1190" "1190"
"1192" NA
"1192" "1192"
"1194" NA
"1194" "1194"
"1197" NA
"1197" "1197"
"1198" NA
"1198" "1198"
"1199" NA
"1199" "1199"
"1201" NA
"1201" "1201"
"1202" NA
"1202" "1202"
"1203" NA
"1203" "1203"
"1204" NA
"1204" "1204"
"1205" NA
"1205" "1205"
"1206" NA
"1206" "1206"
"1207" NA
"1207" "1207"
"1208" NA
"1208" "1208"
"1209" NA
"1209" "1209"
"1210" NA
"1210" "1210"
"1211" NA
"1211" "1211"
"1212" NA
"1212" "1212"
"1213" NA
"1213" "1213"
"1214" NA
"1214" "1214"
"1215" NA
"1215" "1215"
"1216" NA
"1216" "1216"
"1217" NA
"1217" "1217"
"1220" NA
"1220" "1220"
"1221" NA
"1221" "1221"
"1222" NA
"1222" "1222"
"1223" NA
"1223" "1223"
"1224" NA
"1224" "1224"
"1225" NA
"1225" "1225"
"1226" NA
"1226" "1226"
"1227" NA
"1227" "1227"
"1229" NA
"1229" "1229"
"1231" NA
"1231" "1231"
"1232" NA
"1232" "1232"
"1233" NA
"1233" "1233"
"1234" NA
"1234" "1234"
"1235" NA
"1235" "1235"
"1236" NA
"1236" "1236"
"1237" NA
"1237" "1237"
"1238" NA
"1238" "1238"
"1239" NA
"1239" "1239"
"1240" NA
"1240" "1240"
"1241" NA
"1241" "1241"
"1242" NA
"1242" "1242"
"1243" NA
"1243" "1243"
"1244" NA
"1244" "1244"
"1245" NA
"1245" "1245"
"1246" NA
"1246" "1246"
"1247" NA
"1247" "1247"
"1249" NA
"1249" "1249"
"1250" NA
"1250" "1250"
"1251" NA
"1251" "1251"
"1252" NA
"1252" "1252"
"1253" NA
"1253" "1253"
"1254" NA
"1254" "1254"
"1255" NA
"1255" "1255"
"1257" NA
"1257" "1257"
"1259" NA
"1259" "1259"
"1260" NA
"1260" "1260"
"1261" NA
"1261" "1261"
"1262" NA
"1262" "1262"
"1263" "lucky"
"1264" NA
"1264" "1264"
"1266" NA
"1266" "1266"
"1267" "anxious"
"1268" NA
"1268" "1268"
"1270" NA
"1270" "1270"
"1271" NA
"1271" "1271"
"1272" NA
"1272" "1272"
"1274" NA
"1274" "1274"
"1275" NA
"1275" "1275"
"1276" "nervous"
"1277" NA
"1277" "1277"
"1278" NA
"1278" "1278"
"1279" NA
"1279" "1279"
"1280" NA
"1280" "1280"
"1281" NA
"1281" "1281"
"1283" NA
"1283" "1283"
"1285" NA
"1285" "1285"
"1286" NA
"1286" "1286"
"1287" NA
"1287" "1287"
"1288" NA
"1288" "1288"
"1289" NA
"1289" "1289"
"1290" NA
"1290" "1290"
"1291" NA
"1291" "1291"
"1292" "unusual"
"1293" NA
"1293" "1293"
"1296" NA
"1296" "1296"
"1297" NA
"1297" "1297"
"1298" NA
"1298" "1298"
"1299" NA
"1299" "1299"
"1300" NA
"1300" "1300"
"1301" NA
"1301" "1301"
"1303" NA
"1303" "1303"
"1304" NA
"1304" "1304"
"1306" NA
"1306" "1306"
"1307" NA
"1307" "1307"
"1308" NA
"1308" "1308"
"1309" "uncomfortable"
"1310" NA
"1310" "1310"
"1311" NA
"1311" "1311"
"1313" NA
"1313" "1313"
"1314" NA
"1314" "1314"
"1315" "liberal"
"1317" NA
"1317" "1317"
"1318" NA
"1318" "1318"
"1319" NA
"1319" "1319"
"1320" NA
"1320" "1320"
"1322" NA
"1322" "1322"
"1323" NA
"1323" "1323"
"1324" NA
"1324" "1324"
"1325" NA
"1325" "1325"
"1326" NA
"1326" "1326"
"1327" NA
"1327" "1327"
"1328" NA
"1328" "1328"
"1329" NA
"1329" "1329"
"1330" NA
"1330" "1330"
"1331" NA
"1331" "1331"
"1332" NA
"1332" "1332"
"1333" NA
"1333" "1333"
"1335" NA
"1335" "1335"
"1336" NA
"1336" "1336"
"1337" NA
"1337" "1337"
"1339" NA
"1339" "1339"
"1341" NA
"1341" "1341"
"1343" NA
"1343" "1343"
"1344" NA
"1344" "1344"
"1345" NA
"1345" "1345"
"1347" NA
"1347" "1347"
"1349" NA
"1349" "1349"
"1350" NA
"1350" "1350"
"1351" NA
"1351" "1351"
"1352" "#-angry"
"1353" NA
"1353" "1353"
"1354" NA
"1354" "1354"
"1355" "ashamed"
"1356" NA
"1356" "1356"
"1357" NA
"1357" "1357"
"1358" NA
"1358" "1358"
"1360" NA
"1360" "1360"
"1361" NA
"1361" "1361"
"1362" NA
"1362" "1362"
"1364" NA
"1364" "1364"
"1365" NA
"1365" "1365"
"1366" NA
"1366" "1366"
"1367" NA
"1367" "1367"
"1369" NA
"1369" "1369"
"1370" NA
"1370" "1370"
"1371" NA
"1371" "1371"
"1372" NA
"1372" "1372"
"1373" NA
"1373" "1373"
"1374" NA
"1374" "1374"
"1375" NA
"1375" "1375"
"1376" NA
"1376" "1376"
"1377" "#-interested"
"1378" NA
"1378" "1378"
"1379" NA
"1379" "1379"
"1380" NA
"1380" "1380"
"1381" NA
"1381" "1381"
"1382" NA
"1382" "1382"
"1383" NA
"1383" "1383"
"1384" NA
"1384" "1384"
"1385" NA
"1385" "1385"
"1386" NA
"1386" "1386"
"1387" NA
"1387" "1387"
"1388" NA
"1388" "1388"
"1389" NA
"1389" "1389"
"1390" NA
"1390" "1390"
"1391" NA
"1391" "1391"
"1392" NA
"1392" "1392"
"1394" NA
"1394" "1394"
"1395" NA
"1395" "1395"
"1397" NA
"1397" "1397"
"1399" NA
"1399" "1399"
"1400" NA
"1400" "1400"
"1401" NA
"1401" "1401"
"1402" NA
"1402" "1402"
"1403" NA
"1403" "1403"
"1404" NA
"1404" "1404"
"1405" NA
"1405" "1405"
"1406" "active"
"1406" "lively"
"1408" NA
"1408" "1408"
"1409" NA
"1409" "1409"
"1410" NA
"1410" "1410"
"1411" NA
"1411" "1411"
"1412" NA
"1412" "1412"
"1413" NA
"1413" "1413"
"1415" NA
"1415" "1415"
"1417" NA
"1417" "1417"
"1418" NA
"1418" "1418"
"1421" NA
"1421" "1421"
"1424" NA
"1424" "1424"
"1425" NA
"1425" "1425"
"1426" NA
"1426" "1426"
"1427" NA
"1427" "1427"
"1429" NA
"1429" "1429"
"1431" NA
"1431" "1431"
"1432" NA
"1432" "1432"
"1433" NA
"1433" "1433"
"1435" NA
"1435" "1435"
"1436" "thankful"
"1437" NA
"1437" "1437"
"1438" NA
"1438" "1438"
"1439" NA
"1439" "1439"
"1441" NA
"1441" "1441"
"1442" NA
"1442" "1442"
"1443" NA
"1443" "1443"
"1444" NA
"1444" "1444"
"1445" NA
"1445" "1445"
"1446" NA
"1446" "1446"
"1447" NA
"1447" "1447"
"1448" NA
"1448" "1448"
"1449" NA
"1449" "1449"
"1450" NA
"1450" "1450"
"1451" "practical"
"1452" NA
"1452" "1452"
"1453" NA
"1453" "1453"
"1454" NA
"1454" "1454"
"1455" NA
"1455" "1455"
"1456" NA
"1456" "1456"
"1457" NA
"1457" "1457"
"1458" NA
"1458" "1458"
"1459" NA
"1459" "1459"
"1460" NA
"1460" "1460"
"1461" NA
"1461" "1461"
"1463" NA
"1463" "1463"
"1464" NA
"1464" "1464"
"1465" NA
"1465" "1465"
"1466" NA
"1466" "1466"
"1467" NA
"1467" "1467"
"1468" NA
"1468" "1468"
"1469" NA
"1469" "1469"
"1470" NA
"1470" "1470"
"1471" NA
"1471" "1471"
"1472" "#-certain"
"1473" NA
"1473" "1473"
"1474" NA
"1474" "1474"
"1476" NA
"1476" "1476"
"1477" NA
"1477" "1477"
"1478" NA
"1478" "1478"
"1479" NA
"1479" "1479"
"1483" NA
"1483" "1483"
"1484" NA
"1484" "1484"
"1486" NA
"1486" "1486"
"1488" NA
"1488" "1488"
"1489" NA
"1489" "1489"
"1490" NA
"1490" "1490"
"1494" NA
"1494" "1494"
"1495" NA
"1495" "1495"
"1496" NA
"1496" "1496"
"1497" NA
"1497" "1497"
"1498" NA
"1498" "1498"
"1499" NA
"1499" "1499"
"1500" NA
"1500" "1500"
"1501" NA
"1501" "1501"
"1502" NA
"1502" "1502"
"1503" NA
"1503" "1503"
"1504" "#-good"
"1505" NA
"1505" "1505"
"1507" NA
"1507" "1507"
"1508" NA
"1508" "1508"
"1509" NA
"1509" "1509"
"1510" NA
"1510" "1510"
"1511" NA
"1511" "1511"
"1512" NA
"1512" "1512"
"1513" NA
"1513" "1513"
"1514" NA
"1514" "1514"
"1515" NA
"1515" "1515"
"1516" "worthy"
"1517" NA
"1517" "1517"
"1518" NA
"1518" "1518"
"1519" NA
"1519" "1519"
"1520" NA
"1520" "1520"
"1523" NA
"1523" "1523"
"1525" NA
"1525" "1525"
"1526" NA
"1526" "1526"
"1529" NA
"1529" "1529"
"1530" NA
"1530" "1530"
"1531" "terrible"
"1532" NA
"1532" "1532"
"1535" NA
"1535" "1535"
"1537" "depressed"
"1539" NA
"1539" "1539"
"1542" NA
"1542" "1542"
"1543" NA
"1543" "1543"
"1544" NA
"1544" "1544"
"1546" NA
"1546" "1546"
"1547" NA
"1547" "1547"
"1548" NA
"1548" "1548"
"1549" NA
"1549" "1549"
"1550" NA
"1550" "1550"
"1552" NA
"1552" "1552"
"1553" "#-cold"
"1554" NA
"1554" "1554"
"1555" NA
"1555" "1555"
"1556" NA
"1556" "1556"
"1557" NA
"1557" "1557"
"1558" NA
"1558" "1558"
"1559" NA
"1559" "1559"
"1560" NA
"1560" "1560"
"1561" NA
"1561" "1561"
"1562" NA
"1562" "1562"
"1563" NA
"1563" "1563"
"1564" NA
"1564" "1564"
"1567" NA
"1567" "1567"
"1568" NA
"1568" "1568"
"1569" NA
"1569" "1569"
"1570" NA
"1570" "1570"
"1571" NA
"1571" "1571"
"1572" NA
"1572" "1572"
"1573" NA
"1573" "1573"
"1574" NA
"1574" "1574"
"1575" NA
"1575" "1575"
"1576" NA
"1576" "1576"
"1577" NA
"1577" "1577"
"1578" NA
"1578" "1578"
"1579" NA
"1579" "1579"
"1580" NA
"1580" "1580"
"1581" NA
"1581" "1581"
"1582" NA
"1582" "1582"
"1584" NA
"1584" "1584"
"1585" NA
"1585" "1585"
"1586" NA
"1586" "1586"
"1587" NA
"1587" "1587"
"1589" NA
"1589" "1589"
"1590" NA
"1590" "1590"
"1591" NA
"1591" "1591"
"1592" NA
"1592" "1592"
"1594" NA
"1594" "1594"
"1595" NA
"1595" "1595"
"1598" NA
"1598" "1598"
"1599" NA
"1599" "1599"
"1600" "cheap"
"1601" NA
"1601" "1601"
"1602" NA
"1602" "1602"
"1603" NA
"1603" "1603"
"1604" NA
"1604" "1604"
"1605" NA
"1605" "1605"
"1606" NA
"1606" "1606"
"1607" NA
"1607" "1607"
"1608" NA
"1608" "1608"
"1609" NA
"1609" "1609"
"1610" NA
"1610" "1610"
"1611" NA
"1611" "1611"
"1612" NA
"1612" "1612"
"1614" NA
"1614" "1614"
"1615" NA
"1615" "1615"
"1617" NA
"1617" "1617"
"1618" NA
"1618" "1618"
"1619" NA
"1619" "1619"
"1620" NA
"1620" "1620"
"1621" "stuck-up"
"1622" NA
"1622" "1622"
"1623" NA
"1623" "1623"
"1624" NA
"1624" "1624"
"1626" NA
"1626" "1626"
"1627" NA
"1627" "1627"
"1629" NA
"1629" "1629"
"1630" NA
"1630" "1630"
"1631" NA
"1631" "1631"
"1633" NA
"1633" "1633"
"1634" NA
"1634" "1634"
"1635" NA
"1635" "1635"
"1636" NA
"1636" "1636"
"1638" NA
"1638" "1638"
"1640" NA
"1640" "1640"
"1641" NA
"1641" "1641"
"1642" NA
"1642" "1642"
"1643" NA
"1643" "1643"
"1644" NA
"1644" "1644"
"1645" NA
"1645" "1645"
"1646" NA
"1646" "1646"
"1648" "awkward"
"1649" NA
"1649" "1649"
"1650" "bashful"
"1651" NA
"1651" "1651"
"1653" NA
"1653" "1653"
"1654" NA
"1654" "1654"
"1655" "strange"
"1656" NA
"1656" "1656"
"1657" NA
"1657" "1657"
"1660" NA
"1660" "1660"
"1661" NA
"1661" "1661"
"1662" NA
"1662" "1662"
"1663" NA
"1663" "1663"
"1664" NA
"1664" "1664"
"1667" NA
"1667" "1667"
"1668" "foolish"
"1669" NA
"1669" "1669"
"1670" NA
"1670" "1670"
"1671" "embarrassing"
"1672" NA
"1672" "1672"
"1673" NA
"1673" "1673"
"1674" NA
"1674" "1674"
"1677" NA
"1677" "1677"
"1678" NA
"1678" "1678"
"1681" NA
"1681" "1681"
"1682" NA
"1682" "1682"
"1683" NA
"1683" "1683"
"1684" NA
"1684" "1684"
"1685" NA
"1685" "1685"
"1686" NA
"1686" "1686"
"1687" NA
"1687" "1687"
"1688" NA
"1688" "1688"
"1689" NA
"1689" "1689"
"1690" NA
"1690" "1690"
"1691" NA
"1691" "1691"
"1692" NA
"1692" "1692"
"1695" NA
"1695" "1695"
"1696" NA
"1696" "1696"
"1697" NA
"1697" "1697"
"1698" NA
"1698" "1698"
"1699" NA
"1699" "1699"
"1700" NA
"1700" "1700"
"1702" NA
"1702" "1702"
"1703" NA
"1703" "1703"
"1704" NA
"1704" "1704"
"1705" NA
"1705" "1705"
"1706" NA
"1706" "1706"
"1707" NA
"1707" "1707"
"1708" NA
"1708" "1708"
"1709" NA
"1709" "1709"
"1710" NA
"1710" "1710"
"1711" NA
"1711" "1711"
"1712" NA
"1712" "1712"
"1713" NA
"1713" "1713"
"1714" NA
"1714" "1714"
"1716" NA
"1716" "1716"
"1717" NA
"1717" "1717"
"1718" NA
"1718" "1718"
"1720" NA
"1720" "1720"
"1722" NA
"1722" "1722"
"1724" NA
"1724" "1724"
"1725" NA
"1725" "1725"
"1727" NA
"1727" "1727"
"1728" NA
"1728" "1728"
"1729" NA
"1729" "1729"
"1731" NA
"1731" "1731"
"1732" NA
"1732" "1732"
"1733" NA
"1733" "1733"
"1734" NA
"1734" "1734"
"1735" NA
"1735" "1735"
"1736" NA
"1736" "1736"
"1737" NA
"1737" "1737"
"1740" NA
"1740" "1740"
"1741" NA
"1741" "1741"
"1742" NA
"1742" "1742"
"1743" NA
"1743" "1743"
"1744" NA
"1744" "1744"
"1745" NA
"1745" "1745"
"1746" NA
"1746" "1746"
"1747" NA
"1747" "1747"
"1748" NA
"1748" "1748"
"1749" NA
"1749" "1749"
"1750" "offensive"
"1751" NA
"1751" "1751"
"1752" NA
"1752" "1752"
"1753" NA
"1753" "1753"
"1754" NA
"1754" "1754"
"1755" NA
"1755" "1755"
"1756" NA
"1756" "1756"
"1757" NA
"1757" "1757"
"1758" NA
"1758" "1758"
"1760" NA
"1760" "1760"
"1761" NA
"1761" "1761"
"1762" NA
"1762" "1762"
"1763" NA
"1763" "1763"
"1764" NA
"1764" "1764"
"1765" NA
"1765" "1765"
"1766" NA
"1766" "1766"
"1767" NA
"1767" "1767"
"1769" NA
"1769" "1769"
"1770" NA
"1770" "1770"
"1771" "big"
"1772" NA
"1772" "1772"
"1773" NA
"1773" "1773"
"1774" NA
"1774" "1774"
"1775" NA
"1775" "1775"
"1776" NA
"1776" "1776"
"1777" NA
"1777" "1777"
"1778" NA
"1778" "1778"
"1779" NA
"1779" "1779"
"1780" NA
"1780" "1780"
"1781" NA
"1781" "1781"
"1782" NA
"1782" "1782"
"1783" NA
"1783" "1783"
"1784" NA
"1784" "1784"
"1785" NA
"1785" "1785"
"1786" "excellent"
"1787" NA
"1787" "1787"
"1788" NA
"1788" "1788"
"1789" NA
"1789" "1789"
"1790" NA
"1790" "1790"
"1791" NA
"1791" "1791"
"1792" NA
"1792" "1792"
"1793" NA
"1793" "1793"
"1794" NA
"1794" "1794"
"1795" NA
"1795" "1795"
"1796" NA
"1796" "1796"
"1797" NA
"1797" "1797"
"1799" NA
"1799" "1799"
"1801" NA
"1801" "1801"
"1802" NA
"1802" "1802"
"1803" NA
"1803" "1803"
"1804" NA
"1804" "1804"
"1805" NA
"1805" "1805"
"1806" NA
"1806" "1806"
"1807" NA
"1807" "1807"
"1808" NA
"1808" "1808"
"1809" NA
"1809" "1809"
"1810" NA
"1810" "1810"
"1811" NA
"1811" "1811"
"1813" NA
"1813" "1813"
"1814" NA
"1814" "1814"
"1816" NA
"1816" "1816"
"1817" NA
"1817" "1817"
"1819" NA
"1819" "1819"
"1820" NA
"1820" "1820"
"1821" NA
"1821" "1821"
"1822" NA
"1822" "1822"
"1823" NA
"1823" "1823"
"1824" NA
"1824" "1824"
"1825" "polite"
"1826" NA
"1826" "1826"
"1827" NA
"1827" "1827"
"1828" NA
"1828" "1828"
"1829" NA
"1829" "1829"
"1830" NA
"1830" "1830"
"1831" NA
"1831" "1831"
"1832" NA
"1832" "1832"
"1833" NA
"1833" "1833"
"1836" "expressive"
"1837" NA
"1837" "1837"
"1839" NA
"1839" "1839"
"1840" NA
"1840" "1840"
"1842" NA
"1842" "1842"
"1843" NA
"1843" "1843"
"1844" NA
"1844" "1844"
"1846" NA
"1846" "1846"
"1847" NA
"1847" "1847"
"1848" NA
"1848" "1848"
"1849" NA
"1849" "1849"
"1850" NA
"1850" "1850"
"1851" NA
"1851" "1851"
"1852" "nice"
"1855" NA
"1855" "1855"
"1858" NA
"1858" "1858"
"1859" NA
"1859" "1859"
"1860" "serious"
"1861" NA
"1861" "1861"
"1862" NA
"1862" "1862"
"1863" NA
"1863" "1863"
"1864" NA
"1864" "1864"
"1865" NA
"1865" "1865"
"1866" NA
"1866" "1866"
"1867" NA
"1867" "1867"
"1868" NA
"1868" "1868"
"1869" NA
"1869" "1869"
"1870" NA
"1870" "1870"
"1871" NA
"1871" "1871"
"1872" NA
"1872" "1872"
"1873" NA
"1873" "1873"
"1874" NA
"1874" "1874"
"1875" NA
"1875" "1875"
"1878" "independent"
"1881" NA
"1881" "1881"
"1882" NA
"1882" "1882"
"1884" NA
"1884" "1884"
"1885" NA
"1885" "1885"
"1886" NA
"1886" "1886"
"1887" NA
"1887" "1887"
"1888" NA
"1888" "1888"
"1889" NA
"1889" "1889"
"1890" NA
"1890" "1890"
"1892" NA
"1892" "1892"
"1896" NA
"1896" "1896"
"1897" NA
"1897" "1897"
"1898" NA
"1898" "1898"
"1899" NA
"1899" "1899"
"1900" NA
"1900" "1900"
"1901" NA
"1901" "1901"
"1902" "certain"
"1902" "thin"
"1903" NA
"1903" "1903"
"1905" NA
"1905" "1905"
"1906" NA
"1906" "1906"
"1907" NA
"1907" "1907"
"1908" NA
"1908" "1908"
"1909" NA
"1909" "1909"
"1910" NA
"1910" "1910"
"1911" NA
"1911" "1911"
"1912" NA
"1912" "1912"
"1914" NA
"1914" "1914"
"1915" NA
"1915" "1915"
"1916" NA
"1916" "1916"
"1917" NA
"1917" "1917"
"1918" NA
"1918" "1918"
"1919" NA
"1919" "1919"
"1920" NA
"1920" "1920"
"1921" NA
"1921" "1921"
"1922" NA
"1922" "1922"
"1923" NA
"1923" "1923"
"1924" NA
"1924" "1924"
"1925" NA
"1925" "1925"
"1928" NA
"1928" "1928"
"1929" NA
"1929" "1929"
"1931" NA
"1931" "1931"
"1932" NA
"1932" "1932"
"1933" NA
"1933" "1933"
"1934" NA
"1934" "1934"
"1935" "decent"
"1936" NA
"1936" "1936"
"1937" NA
"1937" "1937"
"1938" NA
"1938" "1938"
"1939" NA
"1939" "1939"
"1940" NA
"1940" "1940"
"1941" NA
"1941" "1941"
"1943" NA
"1943" "1943"
"1945" NA
"1945" "1945"
"1946" NA
"1946" "1946"
"1947" NA
"1947" "1947"
"1949" NA
"1949" "1949"
"1950" NA
"1950" "1950"
"1951" NA
"1951" "1951"
"1953" NA
"1953" "1953"
"1954" NA
"1954" "1954"
"1955" NA
"1955" "1955"
"1956" NA
"1956" "1956"
"1957" NA
"1957" "1957"
"1959" NA
"1959" "1959"
"1960" NA
"1960" "1960"
"1961" NA
"1961" "1961"
"1962" NA
"1962" "1962"
"1966" NA
"1966" "1966"
"1967" NA
"1967" "1967"
"1970" NA
"1970" "1970"
"1971" "sensitive"
"1972" NA
"1972" "1972"
"1973" NA
"1973" "1973"
"1975" NA
"1975" "1975"
"1976" NA
"1976" "1976"
"1977" NA
"1977" "1977"
"1978" NA
"1978" "1978"
"1979" NA
"1979" "1979"
"1980" NA
"1980" "1980"
"1981" NA
"1981" "1981"
"1982" NA
"1982" "1982"
"1983" NA
"1983" "1983"
"1984" NA
"1984" "1984"
"1985" NA
"1985" "1985"
"1986" NA
"1986" "1986"
"1987" NA
"1987" "1987"
"1988" NA
"1988" "1988"
"1989" "handsome"
"1990" NA
"1990" "1990"
"1991" "casual"
"1993" NA
"1993" "1993"
"1994" NA
"1994" "1994"
"1995" NA
"1995" "1995"
"1996" NA
"1996" "1996"
"1997" NA
"1997" "1997"
"1998" NA
"1998" "1998"
"1999" NA
"1999" "1999"
"2001" NA
"2001" "2001"
"2002" NA
"2002" "2002"
"2003" NA
"2003" "2003"
"2004" NA
"2004" "2004"
"2005" NA
"2005" "2005"
"2006" NA
"2006" "2006"
"2007" NA
"2007" "2007"
"2008" NA
"2008" "2008"
"2009" NA
"2009" "2009"
"2010" NA
"2010" "2010"
"2011" NA
"2011" "2011"
"2012" "sloppy"
"2013" NA
"2013" "2013"
"2014" NA
"2014" "2014"
"2015" NA
"2015" "2015"
"2016" NA
"2016" "2016"
"2018" NA
"2018" "2018"
"2019" "good-looking"
"2021" NA
"2021" "2021"
"2022" NA
"2022" "2022"
"2023" NA
"2023" "2023"
"2024" NA
"2024" "2024"
"2025" NA
"2025" "2025"
"2026" NA
"2026" "2026"
"2027" NA
"2027" "2027"
"2028" NA
"2028" "2028"
"2029" NA
"2029" "2029"
"2030" "#-daring"
"2031" NA
"2031" "2031"
"2032" NA
"2032" "2032"
"2034" NA
"2034" "2034"
"2036" "awful"
"2037" NA
"2037" "2037"
"2038" NA
"2038" "2038"
"2040" NA
"2040" "2040"
"2041" NA
"2041" "2041"
"2043" NA
"2043" "2043"
"2044" NA
"2044" "2044"
"2045" NA
"2045" "2045"
"2046" NA
"2046" "2046"
"2047" NA
"2047" "2047"
"2049" NA
"2049" "2049"
"2050" NA
"2050" "2050"
"2051" NA
"2051" "2051"
"2052" NA
"2052" "2052"
"2053" NA
"2053" "2053"
"2054" NA
"2054" "2054"
"2055" NA
"2055" "2055"
"2056" NA
"2056" "2056"
"2057" NA
"2057" "2057"
"2058" NA
"2058" "2058"
"2059" NA
"2059" "2059"
"2060" NA
"2060" "2060"
"2061" NA
"2061" "2061"
"2062" NA
"2062" "2062"
"2064" NA
"2064" "2064"
"2065" NA
"2065" "2065"
"2066" NA
"2066" "2066"
"2070" NA
"2070" "2070"
"2071" NA
"2071" "2071"
"2072" NA
"2072" "2072"
"2073" NA
"2073" "2073"
"2074" NA
"2074" "2074"
"2075" NA
"2075" "2075"
"2076" NA
"2076" "2076"
"2077" NA
"2077" "2077"
"2078" NA
"2078" "2078"
"2079" NA
"2079" "2079"
"2080" NA
"2080" "2080"
"2081" NA
"2081" "2081"
"2082" NA
"2082" "2082"
"2083" NA
"2083" "2083"
"2084" NA
"2084" "2084"
"2085" NA
"2085" "2085"
"2086" NA
"2086" "2086"
"2088" NA
"2088" "2088"
"2091" NA
"2091" "2091"
"2092" NA
"2092" "2092"
"2093" NA
"2093" "2093"
"2094" NA
"2094" "2094"
"2096" NA
"2096" "2096"
"2097" NA
"2097" "2097"
"2099" NA
"2099" "2099"
"2100" NA
"2100" "2100"
"2101" NA
"2101" "2101"
"2102" "punctual"
"2103" NA
"2103" "2103"
"2104" NA
"2104" "2104"
"2105" NA
"2105" "2105"
"2106" NA
"2106" "2106"
"2107" NA
"2107" "2107"
"2108" NA
"2108" "2108"
"2109" NA
"2109" "2109"
"2110" NA
"2110" "2110"
"2111" NA
"2111" "2111"
"2112" NA
"2112" "2112"
"2114" NA
"2114" "2114"
"2115" NA
"2115" "2115"
"2116" NA
"2116" "2116"
"2117" NA
"2117" "2117"
"2118" NA
"2118" "2118"
"2119" NA
"2119" "2119"
"2120" NA
"2120" "2120"
"2122" NA
"2122" "2122"
"2123" NA
"2123" "2123"
"2124" NA
"2124" "2124"
"2125" "respectful"
"2126" NA
"2126" "2126"
"2127" NA
"2127" "2127"
"2128" NA
"2128" "2128"
"2129" NA
"2129" "2129"
"2130" NA
"2130" "2130"
"2131" NA
"2131" "2131"
"2132" NA
"2132" "2132"
"2133" NA
"2133" "2133"
"2134" NA
"2134" "2134"
"2136" NA
"2136" "2136"
"2137" NA
"2137" "2137"
"2138" NA
"2138" "2138"
"2141" NA
"2141" "2141"
"2142" "superstitious"
"2143" NA
"2143" "2143"
"2144" NA
"2144" "2144"
"2147" NA
"2147" "2147"
"2148" "complicated"
"2149" NA
"2149" "2149"
"2152" "#-thoughtful"
"2153" NA
"2153" "2153"
"2154" NA
"2154" "2154"
"2156" NA
"2156" "2156"
"2157" NA
"2157" "2157"
"2158" NA
"2158" "2158"
"2159" NA
"2159" "2159"
"2160" NA
"2160" "2160"
"2162" NA
"2162" "2162"
"2163" NA
"2163" "2163"
"2164" "fortunate"
"2165" NA
"2165" "2165"
"2166" NA
"2166" "2166"
"2167" NA
"2167" "2167"
"2169" NA
"2169" "2169"
"2170" NA
"2170" "2170"
"2172" NA
"2172" "2172"
"2173" NA
"2173" "2173"
"2174" NA
"2174" "2174"
"2175" NA
"2175" "2175"
"2176" NA
"2176" "2176"
"2177" NA
"2177" "2177"
"2178" NA
"2178" "2178"
"2179" NA
"2179" "2179"
"2180" NA
"2180" "2180"
"2181" NA
"2181" "2181"
"2182" "positive"
"2183" NA
"2183" "2183"
"2184" NA
"2184" "2184"
"2185" NA
"2185" "2185"
"2186" NA
"2186" "2186"
"2187" NA
"2187" "2187"
"2188" NA
"2188" "2188"
"2189" NA
"2189" "2189"
"2190" NA
"2190" "2190"
"2191" NA
"2191" "2191"
"2192" NA
"2192" "2192"
"2193" NA
"2193" "2193"
"2194" NA
"2194" "2194"
"2195" NA
"2195" "2195"
"2196" NA
"2196" "2196"
"2197" NA
"2197" "2197"
"2198" NA
"2198" "2198"
"2200" NA
"2200" "2200"
"2201" NA
"2201" "2201"
"2202" NA
"2202" "2202"
"2203" NA
"2203" "2203"
"2204" NA
"2204" "2204"
"2205" NA
"2205" "2205"
"2206" NA
"2206" "2206"
"2207" "desirable"
"2208" NA
"2208" "2208"
"2209" NA
"2209" "2209"
"2211" NA
"2211" "2211"
"2213" NA
"2213" "2213"
"2214" NA
"2214" "2214"
"2216" NA
"2216" "2216"
"2217" NA
"2217" "2217"
"2219" NA
"2219" "2219"
"2220" NA
"2220" "2220"
"2221" NA
"2221" "2221"
"2222" NA
"2222" "2222"
"2223" NA
"2223" "2223"
"2224" NA
"2224" "2224"
"2225" NA
"2225" "2225"
"2226" NA
"2226" "2226"
"2228" NA
"2228" "2228"
"2229" NA
"2229" "2229"
"2230" NA
"2230" "2230"
"2232" NA
"2232" "2232"
"2233" NA
"2233" "2233"
"2234" NA
"2234" "2234"
"2236" NA
"2236" "2236"
"2237" NA
"2237" "2237"
"2238" NA
"2238" "2238"
"2239" NA
"2239" "2239"
"2240" "direct"
"2241" NA
"2241" "2241"
"2242" NA
"2242" "2242"
"2243" "#-serious"
"2244" NA
"2244" "2244"
"2245" NA
"2245" "2245"
"2246" NA
"2246" "2246"
"2247" NA
"2247" "2247"
"2249" "mean"
"2250" NA
"2250" "2250"
"2253" NA
"2253" "2253"
"2254" NA
"2254" "2254"
"2256" NA
"2256" "2256"
"2259" NA
"2259" "2259"
"2260" NA
"2260" "2260"
"2262" NA
"2262" "2262"
"2263" NA
"2263" "2263"
"2264" NA
"2264" "2264"
"2265" NA
"2265" "2265"
"2266" NA
"2266" "2266"
"2267" NA
"2267" "2267"
"2268" NA
"2268" "2268"
"2269" NA
"2269" "2269"
"2270" NA
"2270" "2270"
"2271" NA
"2271" "2271"
"2272" NA
"2272" "2272"
"2274" NA
"2274" "2274"
"2276" NA
"2276" "2276"
"2277" NA
"2277" "2277"
"2278" NA
"2278" "2278"
"2279" NA
"2279" "2279"
"2280" NA
"2280" "2280"
"2281" NA
"2281" "2281"
"2282" NA
"2282" "2282"
"2283" NA
"2283" "2283"
"2284" NA
"2284" "2284"
"2286" NA
"2286" "2286"
"2287" NA
"2287" "2287"
"2289" NA
"2289" "2289"
"2290" NA
"2290" "2290"
"2292" NA
"2292" "2292"
"2293" NA
"2293" "2293"
"2294" NA
"2294" "2294"
"2295" NA
"2295" "2295"
"2296" NA
"2296" "2296"
"2297" NA
"2297" "2297"
"2299" NA
"2299" "2299"
"2300" NA
"2300" "2300"
"2302" "bitter"
"2302" "passionate"
"2308" NA
"2308" "2308"
"2310" NA
"2310" "2310"
"2312" NA
"2312" "2312"
"2313" NA
"2313" "2313"
"2314" NA
"2314" "2314"
"2315" NA
"2315" "2315"
"2317" NA
"2317" "2317"
"2318" NA
"2318" "2318"
"2320" NA
"2320" "2320"
"2321" NA
"2321" "2321"
"2322" "jealous"
"2323" NA
"2323" "2323"
"2324" NA
"2324" "2324"
"2325" NA
"2325" "2325"
"2326" "eager"
"2327" NA
"2327" "2327"
"2329" NA
"2329" "2329"
"2330" NA
"2330" "2330"
"2331" NA
"2331" "2331"
"2333" NA
"2333" "2333"
"2334" NA
"2334" "2334"
"2335" NA
"2335" "2335"
"2337" NA
"2337" "2337"
"2338" NA
"2338" "2338"
"2339" NA
"2339" "2339"
"2340" NA
"2340" "2340"
"2341" NA
"2341" "2341"
"2342" NA
"2342" "2342"
"2343" NA
"2343" "2343"
"2346" NA
"2346" "2346"
"2347" NA
"2347" "2347"
"2348" NA
"2348" "2348"
"2349" NA
"2349" "2349"
"2350" NA
"2350" "2350"
"2354" NA
"2354" "2354"
"2355" NA
"2355" "2355"
"2357" "friendly"
"2360" NA
"2360" "2360"
"2361" NA
"2361" "2361"
"2362" NA
"2362" "2362"
"2363" NA
"2363" "2363"
"2364" NA
"2364" "2364"
"2365" NA
"2365" "2365"
"2366" NA
"2366" "2366"
"2367" NA
"2367" "2367"
"2368" NA
"2368" "2368"
"2369" NA
"2369" "2369"
"2370" NA
"2370" "2370"
"2371" NA
"2371" "2371"
"2372" NA
"2372" "2372"
"2373" NA
"2373" "2373"
"2374" NA
"2374" "2374"
"2375" NA
"2375" "2375"
"2376" NA
"2376" "2376"
"2377" NA
"2377" "2377"
"2378" NA
"2378" "2378"
"2379" NA
"2379" "2379"
"2380" NA
"2380" "2380"
"2381" NA
"2381" "2381"
"2382" NA
"2382" "2382"
"2383" NA
"2383" "2383"
"2384" NA
"2384" "2384"
"2386" NA
"2386" "2386"
"2387" NA
"2387" "2387"
"2388" NA
"2388" "2388"
"2390" NA
"2390" "2390"
"2391" NA
"2391" "2391"
"2394" NA
"2394" "2394"
"2396" NA
"2396" "2396"
"2398" NA
"2398" "2398"
"2399" NA
"2399" "2399"
"2401" NA
"2401" "2401"
"2402" NA
"2402" "2402"
"2403" NA
"2403" "2403"
"2404" NA
"2404" "2404"
"2406" NA
"2406" "2406"
"2407" NA
"2407" "2407"
"2409" NA
"2409" "2409"
"2410" NA
"2410" "2410"
"2411" NA
"2411" "2411"
"2412" NA
"2412" "2412"
"2415" NA
"2415" "2415"
"2416" "excited"
"2417" NA
"2417" "2417"
"2418" NA
"2418" "2418"
"2419" NA
"2419" "2419"
"2420" NA
"2420" "2420"
"2421" NA
"2421" "2421"
"2422" NA
"2422" "2422"
"2424" NA
"2424" "2424"
"2425" NA
"2425" "2425"
"2426" NA
"2426" "2426"
"2428" NA
"2428" "2428"
"2429" NA
"2429" "2429"
"2430" NA
"2430" "2430"
"2431" NA
"2431" "2431"
"2433" NA
"2433" "2433"
"2434" NA
"2434" "2434"
"2435" NA
"2435" "2435"
"2436" NA
"2436" "2436"
"2437" NA
"2437" "2437"
"2438" NA
"2438" "2438"
"2439" NA
"2439" "2439"
"2442" NA
"2442" "2442"
"2444" "sensible"
"2445" NA
"2445" "2445"
"2447" NA
"2447" "2447"
"2449" NA
"2449" "2449"
"2450" NA
"2450" "2450"
"2451" NA
"2451" "2451"
"2452" NA
"2452" "2452"
"2453" NA
"2453" "2453"
"2454" NA
"2454" "2454"
"2455" NA
"2455" "2455"
"2456" NA
"2456" "2456"
"2457" NA
"2457" "2457"
"2459" NA
"2459" "2459"
"2460" NA
"2460" "2460"
"2461" NA
"2461" "2461"
"2462" NA
"2462" "2462"
"2463" NA
"2463" "2463"
"2465" NA
"2465" "2465"
"2467" NA
"2467" "2467"
"2468" NA
"2468" "2468"
"2469" NA
"2469" "2469"
"2470" NA
"2470" "2470"
"2471" NA
"2471" "2471"
"2472" NA
"2472" "2472"
"2474" NA
"2474" "2474"
"2475" NA
"2475" "2475"
"2477" NA
"2477" "2477"
"2478" NA
"2478" "2478"
"2479" NA
"2479" "2479"
"2480" NA
"2480" "2480"
"2482" NA
"2482" "2482"
"2483" NA
"2483" "2483"
"2484" NA
"2484" "2484"
"2486" NA
"2486" "2486"
"2487" NA
"2487" "2487"
"2488" NA
"2488" "2488"
"2489" NA
"2489" "2489"
"2490" NA
"2490" "2490"
"2491" NA
"2491" "2491"
"2492" NA
"2492" "2492"
"2493" NA
"2493" "2493"
"2494" NA
"2494" "2494"
"2495" NA
"2495" "2495"
"2496" NA
"2496" "2496"
"2497" NA
"2497" "2497"
"2498" NA
"2498" "2498"
"2499" NA
"2499" "2499"
"2500" "responsible"
"2501" NA
"2501" "2501"
"2502" NA
"2502" "2502"
"2503" NA
"2503" "2503"
"2504" NA
"2504" "2504"
"2505" NA
"2505" "2505"
"2506" NA
"2506" "2506"
"2507" "helpless"
"2508" NA
"2508" "2508"
"2509" NA
"2509" "2509"
"2510" NA
"2510" "2510"
"2511" NA
"2511" "2511"
"2512" NA
"2512" "2512"
"2513" NA
"2513" "2513"
"2514" NA
"2514" "2514"
"2515" NA
"2515" "2515"
"2516" NA
"2516" "2516"
"2517" NA
"2517" "2517"
"2519" NA
"2519" "2519"
"2521" "smart"
"2522" NA
"2522" "2522"
"2524" NA
"2524" "2524"
"2525" NA
"2525" "2525"
"2527" NA
"2527" "2527"
"2528" NA
"2528" "2528"
"2529" NA
"2529" "2529"
"2530" NA
"2530" "2530"
"2531" NA
"2531" "2531"
"2532" NA
"2532" "2532"
"2533" NA
"2533" "2533"
"2534" NA
"2534" "2534"
"2535" NA
"2535" "2535"
"2536" NA
"2536" "2536"
"2537" NA
"2537" "2537"
"2538" NA
"2538" "2538"
"2539" NA
"2539" "2539"
"2541" NA
"2541" "2541"
"2543" NA
"2543" "2543"
"2544" NA
"2544" "2544"
"2545" NA
"2545" "2545"
"2546" NA
"2546" "2546"
"2547" NA
"2547" "2547"
"2549" NA
"2549" "2549"
"2550" NA
"2550" "2550"
"2551" NA
"2551" "2551"
"2553" NA
"2553" "2553"
"2554" NA
"2554" "2554"
"2555" NA
"2555" "2555"
"2556" NA
"2556" "2556"
"2557" "difficult"
"2557" "experienced"
"2559" NA
"2559" "2559"
"2560" NA
"2560" "2560"
"2562" NA
"2562" "2562"
"2563" NA
"2563" "2563"
"2564" NA
"2564" "2564"
"2565" NA
"2565" "2565"
"2566" NA
"2566" "2566"
"2567" NA
"2567" "2567"
"2568" NA
"2568" "2568"
"2569" NA
"2569" "2569"
"2570" NA
"2570" "2570"
"2572" NA
"2572" "2572"
"2573" NA
"2573" "2573"
"2574" NA
"2574" "2574"
"2575" NA
"2575" "2575"
"2576" NA
"2576" "2576"
"2577" "hard-working"
"2579" NA
"2579" "2579"
"2580" NA
"2580" "2580"
"2581" NA
"2581" "2581"
"2582" NA
"2582" "2582"
"2583" NA
"2583" "2583"
"2585" NA
"2585" "2585"
"2586" NA
"2586" "2586"
"2587" "crazy"
"2588" NA
"2588" "2588"
"2590" NA
"2590" "2590"
"2591" "blind"
"2592" NA
"2592" "2592"
"2596" NA
"2596" "2596"
"2600" NA
"2600" "2600"
"2601" NA
"2601" "2601"
"2602" NA
"2602" "2602"
"2603" NA
"2603" "2603"
"2604" NA
"2604" "2604"
"2605" NA
"2605" "2605"
"2606" NA
"2606" "2606"
"2607" NA
"2607" "2607"
"2608" NA
"2608" "2608"
"2609" NA
"2609" "2609"
"2610" NA
"2610" "2610"
"2611" NA
"2611" "2611"
"2612" NA
"2612" "2612"
"2613" NA
"2613" "2613"
"2614" NA
"2614" "2614"
"2615" NA
"2615" "2615"
"2616" NA
"2616" "2616"
"2617" NA
"2617" "2617"
"2618" NA
"2618" "2618"
"2619" "selfish"
"2620" NA
"2620" "2620"
"2621" NA
"2621" "2621"
"2622" NA
"2622" "2622"
"2623" NA
"2623" "2623"
"2624" NA
"2624" "2624"
"2625" NA
"2625" "2625"
"2626" NA
"2626" "2626"
"2628" NA
"2628" "2628"
"2629" NA
"2629" "2629"
"2630" NA
"2630" "2630"
"2631" NA
"2631" "2631"
"2634" NA
"2634" "2634"
"2635" NA
"2635" "2635"
"2636" NA
"2636" "2636"
"2637" NA
"2637" "2637"
"2638" NA
"2638" "2638"
"2639" NA
"2639" "2639"
"2640" NA
"2640" "2640"
"2642" NA
"2642" "2642"
"2643" NA
"2643" "2643"
"2644" NA
"2644" "2644"
"2645" NA
"2645" "2645"
"2647" NA
"2647" "2647"
"2648" NA
"2648" "2648"
"2649" NA
"2649" "2649"
"2650" NA
"2650" "2650"
"2652" NA
"2652" "2652"
"2655" NA
"2655" "2655"
"2659" "distinguished"
"2660" NA
"2660" "2660"
"2661" NA
"2661" "2661"
"2662" NA
"2662" "2662"
"2663" NA
"2663" "2663"
"2664" NA
"2664" "2664"
"2665" NA
"2665" "2665"
"2666" NA
"2666" "2666"
"2667" NA
"2667" "2667"
"2668" NA
"2668" "2668"
"2670" NA
"2670" "2670"
"2671" NA
"2671" "2671"
"2672" NA
"2672" "2672"
"2673" NA
"2673" "2673"
"2674" NA
"2674" "2674"
"2675" NA
"2675" "2675"
"2676" NA
"2676" "2676"
"2677" NA
"2677" "2677"
"2678" NA
"2678" "2678"
"2680" NA
"2680" "2680"
"2681" NA
"2681" "2681"
"2682" NA
"2682" "2682"
"2683" NA
"2683" "2683"
"2685" NA
"2685" "2685"
"2686" NA
"2686" "2686"
"2688" NA
"2688" "2688"
"2689" NA
"2689" "2689"
"2691" NA
"2691" "2691"
"2692" NA
"2692" "2692"
"2693" NA
"2693" "2693"
"2694" NA
"2694" "2694"
"2695" NA
"2695" "2695"
"2696" NA
"2696" "2696"
"2697" NA
"2697" "2697"
"2698" NA
"2698" "2698"
"2699" NA
"2699" "2699"
"2700" NA
"2700" "2700"
"2701" NA
"2701" "2701"
"2702" NA
"2702" "2702"
"2703" NA
"2703" "2703"
"2705" NA
"2705" "2705"
"2708" NA
"2708" "2708"
"2710" "#-natural"
"2711" NA
"2711" "2711"
"2712" NA
"2712" "2712"
"2713" NA
"2713" "2713"
"2714" NA
"2714" "2714"
"2715" NA
"2715" "2715"
"2716" NA
"2716" "2716"
"2718" NA
"2718" "2718"
"2719" NA
"2719" "2719"
"2720" NA
"2720" "2720"
"2721" NA
"2721" "2721"
"2722" NA
"2722" "2722"
"2723" NA
"2723" "2723"
"2725" NA
"2725" "2725"
"2727" NA
"2727" "2727"
"2728" NA
"2728" "2728"
"2730" NA
"2730" "2730"
"2731" NA
"2731" "2731"
"2733" NA
"2733" "2733"
"2734" NA
"2734" "2734"
"2735" NA
"2735" "2735"
"2737" NA
"2737" "2737"
"2738" NA
"2738" "2738"
"2739" NA
"2739" "2739"
"2741" NA
"2741" "2741"
"2742" NA
"2742" "2742"
"2743" NA
"2743" "2743"
"2744" NA
"2744" "2744"
"2745" NA
"2745" "2745"
"2746" NA
"2746" "2746"
"2747" NA
"2747" "2747"
"2748" NA
"2748" "2748"
"2749" NA
"2749" "2749"
"2750" NA
"2750" "2750"
"2751" NA
"2751" "2751"
"2752" NA
"2752" "2752"
"2753" NA
"2753" "2753"
"2754" NA
"2754" "2754"
"2755" NA
"2755" "2755"
"2756" NA
"2756" "2756"
"2757" NA
"2757" "2757"
"2758" NA
"2758" "2758"
"2759" NA
"2759" "2759"
"2761" NA
"2761" "2761"
"2762" NA
"2762" "2762"
"2764" NA
"2764" "2764"
"2765" NA
"2765" "2765"
"2767" NA
"2767" "2767"
"2768" NA
"2768" "2768"
"2769" NA
"2769" "2769"
"2774" NA
"2774" "2774"
"2775" NA
"2775" "2775"
"2776" NA
"2776" "2776"
"2777" NA
"2777" "2777"
"2778" NA
"2778" "2778"
"2779" NA
"2779" "2779"
"2780" NA
"2780" "2780"
"2781" NA
"2781" "2781"
"2782" NA
"2782" "2782"
"2784" NA
"2784" "2784"
"2785" NA
"2785" "2785"
"2786" NA
"2786" "2786"
"2787" NA
"2787" "2787"
"2788" NA
"2788" "2788"
"2789" NA
"2789" "2789"
"2790" NA
"2790" "2790"
"2791" NA
"2791" "2791"
"2792" NA
"2792" "2792"
"2793" NA
"2793" "2793"
"2794" NA
"2794" "2794"
"2795" NA
"2795" "2795"
"2796" NA
"2796" "2796"
"2797" "exhausted"
"2798" NA
"2798" "2798"
"2799" NA
"2799" "2799"
"2801" NA
"2801" "2801"
"2802" NA
"2802" "2802"
"2804" NA
"2804" "2804"
"2805" NA
"2805" "2805"
"2806" NA
"2806" "2806"
"2807" NA
"2807" "2807"
"2808" NA
"2808" "2808"
"2809" NA
"2809" "2809"
"2810" NA
"2810" "2810"
"2811" NA
"2811" "2811"
"2812" NA
"2812" "2812"
"2813" NA
"2813" "2813"
"2814" NA
"2814" "2814"
"2815" NA
"2815" "2815"
"2816" NA
"2816" "2816"
"2817" NA
"2817" "2817"
"2818" NA
"2818" "2818"
"2819" NA
"2819" "2819"
"2820" NA
"2820" "2820"
"2821" NA
"2821" "2821"
"2822" NA
"2822" "2822"
"2823" NA
"2823" "2823"
"2824" NA
"2824" "2824"
"2825" NA
"2825" "2825"
"2826" NA
"2826" "2826"
"2827" NA
"2827" "2827"
"2828" NA
"2828" "2828"
"2829" NA
"2829" "2829"
"2830" NA
"2830" "2830"
"2831" NA
"2831" "2831"
"2832" "cool"
"2833" NA
"2833" "2833"
"2834" NA
"2834" "2834"
"2836" NA
"2836" "2836"
"2837" NA
"2837" "2837"
"2838" NA
"2838" "2838"
"2839" NA
"2839" "2839"
"2840" NA
"2840" "2840"
"2841" NA
"2841" "2841"
"2842" NA
"2842" "2842"
"2844" NA
"2844" "2844"
"2845" NA
"2845" "2845"
"2846" NA
"2846" "2846"
"2847" NA
"2847" "2847"
"2848" NA
"2848" "2848"
"2849" NA
"2849" "2849"
"2850" NA
"2850" "2850"
"2851" NA
"2851" "2851"
"2852" NA
"2852" "2852"
"2853" NA
"2853" "2853"
"2856" NA
"2856" "2856"
"2857" NA
"2857" "2857"
"2858" NA
"2858" "2858"
"2859" NA
"2859" "2859"
"2860" NA
"2860" "2860"
"2861" NA
"2861" "2861"
"2862" "disrespectful"
"2863" NA
"2863" "2863"
"2864" NA
"2864" "2864"
"2866" NA
"2866" "2866"
"2867" NA
"2867" "2867"
"2868" NA
"2868" "2868"
"2870" NA
"2870" "2870"
"2871" NA
"2871" "2871"
"2872" NA
"2872" "2872"
"2873" NA
"2873" "2873"
"2874" NA
"2874" "2874"
"2875" NA
"2875" "2875"
"2876" NA
"2876" "2876"
"2878" NA
"2878" "2878"
"2879" NA
"2879" "2879"
"2880" NA
"2880" "2880"
"2882" NA
"2882" "2882"
"2883" NA
"2883" "2883"
"2884" NA
"2884" "2884"
"2885" NA
"2885" "2885"
"2886" NA
"2886" "2886"
"2887" NA
"2887" "2887"
"2888" NA
"2888" "2888"
"2889" NA
"2889" "2889"
"2890" NA
"2890" "2890"
"2891" NA
"2891" "2891"
"2892" NA
"2892" "2892"
"2893" NA
"2893" "2893"
"2894" NA
"2894" "2894"
"2896" NA
"2896" "2896"
"2898" NA
"2898" "2898"
"2899" NA
"2899" "2899"
"2900" NA
"2900" "2900"
"2902" NA
"2902" "2902"
"2903" NA
"2903" "2903"
"2904" NA
"2904" "2904"
"2905" NA
"2905" "2905"
"2907" NA
"2907" "2907"
"2909" NA
"2909" "2909"
"2911" NA
"2911" "2911"
"2913" NA
"2913" "2913"
"2914" NA
"2914" "2914"
"2915" NA
"2915" "2915"
"2916" NA
"2916" "2916"
"2917" NA
"2917" "2917"
"2918" NA
"2918" "2918"
"2919" NA
"2919" "2919"
"2920" NA
"2920" "2920"
"2921" "productive"
"2923" NA
"2923" "2923"
"2924" NA
"2924" "2924"
"2925" NA
"2925" "2925"
"2926" NA
"2926" "2926"
"2927" NA
"2927" "2927"
"2928" NA
"2928" "2928"
"2930" NA
"2930" "2930"
"2932" NA
"2932" "2932"
"2933" NA
"2933" "2933"
"2934" NA
"2934" "2934"
"2935" NA
"2935" "2935"
"2936" NA
"2936" "2936"
"2938" NA
"2938" "2938"
"2941" NA
"2941" "2941"
"2942" NA
"2942" "2942"
"2943" NA
"2943" "2943"
"2944" NA
"2944" "2944"
"2945" NA
"2945" "2945"
"2948" NA
"2948" "2948"
"2950" NA
"2950" "2950"
"2951" NA
"2951" "2951"
"2952" NA
"2952" "2952"
"2955" NA
"2955" "2955"
"2956" NA
"2956" "2956"
"2957" NA
"2957" "2957"
"2959" NA
"2959" "2959"
"2960" NA
"2960" "2960"
"2961" NA
"2961" "2961"
"2962" NA
"2962" "2962"
"2963" NA
"2963" "2963"
"2964" NA
"2964" "2964"
"2965" NA
"2965" "2965"
"2967" NA
"2967" "2967"
"2970" NA
"2970" "2970"
"2974" NA
"2974" "2974"
"2977" NA
"2977" "2977"
"2980" NA
"2980" "2980"
"2982" NA
"2982" "2982"
"2984" NA
"2984" "2984"
"2987" NA
"2987" "2987"
"2988" NA
"2988" "2988"
"2990" NA
"2990" "2990"
"2991" NA
"2991" "2991"
"2992" NA
"2992" "2992"
"2993" NA
"2993" "2993"
"2994" NA
"2994" "2994"
"2996" NA
"2996" "2996"
"2997" NA
"2997" "2997"
"2998" NA
"2998" "2998"
"2999" NA
"2999" "2999"
"3002" NA
"3002" "3002"
"3003" NA
"3003" "3003"
"3007" NA
"3007" "3007"
"3008" NA
"3008" "3008"
"3009" NA
"3009" "3009"
"3010" NA
"3010" "3010"
"3011" NA
"3011" "3011"
"3012" NA
"3012" "3012"
"3013" NA
"3013" "3013"
"3014" NA
"3014" "3014"
"3017" NA
"3017" "3017"
"3019" NA
"3019" "3019"
"3021" NA
"3021" "3021"
"3022" NA
"3022" "3022"
"3028" NA
"3028" "3028"
"3030" NA
"3030" "3030"
"3031" NA
"3031" "3031"
"3032" NA
"3032" "3032"
"3034" NA
"3034" "3034"
"3036" NA
"3036" "3036"
"3037" NA
"3037" "3037"
"3040" NA
"3040" "3040"
"3042" NA
"3042" "3042"
"3043" NA
"3043" "3043"
"3044" NA
"3044" "3044"
"3045" NA
"3045" "3045"
"3047" NA
"3047" "3047"
"3048" NA
"3048" "3048"
"3049" NA
"3049" "3049"
"3050" NA
"3050" "3050"
"3051" NA
"3051" "3051"
"3052" NA
"3052" "3052"
"3053" NA
"3053" "3053"
"3055" NA
"3055" "3055"
"3056" NA
"3056" "3056"
"3057" NA
"3057" "3057"
"3058" NA
"3058" "3058"
"3059" NA
"3059" "3059"
"3060" NA
"3060" "3060"
"3061" NA
"3061" "3061"
"3062" "confused"
"3064" NA
"3064" "3064"
"3066" NA
"3066" "3066"
"3067" NA
"3067" "3067"
"3069" NA
"3069" "3069"
"3075" NA
"3075" "3075"
"3076" NA
"3076" "3076"
"3077" NA
"3077" "3077"
"3078" NA
"3078" "3078"
"3079" NA
"3079" "3079"
"3080" NA
"3080" "3080"
"3081" NA
"3081" "3081"
"3084" NA
"3084" "3084"
"3085" NA
"3085" "3085"
"3086" NA
"3086" "3086"
"3087" NA
"3087" "3087"
"3088" NA
"3088" "3088"
"3089" NA
"3089" "3089"
"3090" NA
"3090" "3090"
"3091" NA
"3091" "3091"
"3092" NA
"3092" "3092"
"3093" NA
"3093" "3093"
"3094" NA
"3094" "3094"
"3095" NA
"3095" "3095"
"3096" NA
"3096" "3096"
"3097" NA
"3097" "3097"
"3098" NA
"3098" "3098"
"3099" NA
"3099" "3099"
"3100" NA
"3100" "3100"
"3102" NA
"3102" "3102"
"3103" NA
"3103" "3103"
"3104" NA
"3104" "3104"
"3106" NA
"3106" "3106"
"3107" NA
"3107" "3107"
"3108" NA
"3108" "3108"
"3110" NA
"3110" "3110"
"3111" NA
"3111" "3111"
"3113" NA
"3113" "3113"
"3115" NA
"3115" "3115"
"3116" NA
"3116" "3116"
"3117" NA
"3117" "3117"
"3118" NA
"3118" "3118"
"3119" NA
"3119" "3119"
"3121" NA
"3121" "3121"
"3122" NA
"3122" "3122"
"3123" NA
"3123" "3123"
"3124" NA
"3124" "3124"
"3125" NA
"3125" "3125"
"3126" NA
"3126" "3126"
"3127" NA
"3127" "3127"
"3129" NA
"3129" "3129"
"3130" NA
"3130" "3130"
"3131" NA
"3131" "3131"
"3132" NA
"3132" "3132"
"3133" NA
"3133" "3133"
"3134" NA
"3134" "3134"
"3135" NA
"3135" "3135"
"3136" NA
"3136" "3136"
"3137" NA
"3137" "3137"
"3138" NA
"3138" "3138"
"3139" NA
"3139" "3139"
"3140" NA
"3140" "3140"
"3141" NA
"3141" "3141"
"3142" NA
"3142" "3142"
"3143" NA
"3143" "3143"
"3144" NA
"3144" "3144"
"3145" NA
"3145" "3145"
"3146" NA
"3146" "3146"
"3147" NA
"3147" "3147"
"3148" NA
"3148" "3148"
"3150" NA
"3150" "3150"
"3152" NA
"3152" "3152"
"3154" NA
"3154" "3154"
"3155" NA
"3155" "3155"
"3159" NA
"3159" "3159"
"3160" NA
"3160" "3160"
"3161" NA
"3161" "3161"
"3162" NA
"3162" "3162"
"3163" NA
"3163" "3163"
"3165" NA
"3165" "3165"
"3166" NA
"3166" "3166"
"3167" NA
"3167" "3167"
"3168" NA
"3168" "3168"
"3170" NA
"3170" "3170"
"3174" "funny"
"3175" NA
"3175" "3175"
"3177" NA
"3177" "3177"
"3179" NA
"3179" "3179"
"3180" NA
"3180" "3180"
"3182" NA
"3182" "3182"
"3183" NA
"3183" "3183"
"3184" NA
"3184" "3184"
"3186" NA
"3186" "3186"
"3187" NA
"3187" "3187"
"3188" NA
"3188" "3188"
"3189" NA
"3189" "3189"
"3190" NA
"3190" "3190"
"3191" NA
"3191" "3191"
"3192" NA
"3192" "3192"
"3193" NA
"3193" "3193"
"3194" NA
"3194" "3194"
"3195" NA
"3195" "3195"
"3196" NA
"3196" "3196"
"3197" NA
"3197" "3197"
"3198" NA
"3198" "3198"
"3199" NA
"3199" "3199"
"3200" NA
"3200" "3200"
"3201" NA
"3201" "3201"
"3202" NA
"3202" "3202"
"3203" NA
"3203" "3203"
"3204" NA
"3204" "3204"
"3205" NA
"3205" "3205"
"3207" NA
"3207" "3207"
"3208" NA
"3208" "3208"
"3211" NA
"3211" "3211"
"3212" NA
"3212" "3212"
"3214" NA
"3214" "3214"
"3217" "clever"
"3218" NA
"3218" "3218"
"3220" NA
"3220" "3220"
"3222" NA
"3222" "3222"
"3223" NA
"3223" "3223"
"3224" NA
"3224" "3224"
"3227" "amusing"
"3228" NA
"3228" "3228"
"3229" NA
"3229" "3229"
"3230" NA
"3230" "3230"
"3231" NA
"3231" "3231"
"3232" NA
"3232" "3232"
"3234" NA
"3234" "3234"
"3235" NA
"3235" "3235"
"3236" NA
"3236" "3236"
"3237" NA
"3237" "3237"
"3238" "#-proud"
"3239" NA
"3239" "3239"
"3240" NA
"3240" "3240"
"3241" NA
"3241" "3241"
"3242" NA
"3242" "3242"
"3246" NA
"3246" "3246"
"3247" NA
"3247" "3247"
"3248" NA
"3248" "3248"
"3249" NA
"3249" "3249"
"3250" NA
"3250" "3250"
"3251" NA
"3251" "3251"
"3252" NA
"3252" "3252"
"3253" NA
"3253" "3253"
"3254" NA
"3254" "3254"
"3256" NA
"3256" "3256"
"3257" NA
"3257" "3257"
"3258" NA
"3258" "3258"
"3259" NA
"3259" "3259"
"3260" NA
"3260" "3260"
"3261" NA
"3261" "3261"
"3262" NA
"3262" "3262"
"3263" NA
"3263" "3263"
"3264" NA
"3264" "3264"
"3265" NA
"3265" "3265"
"3266" NA
"3266" "3266"
"3267" NA
"3267" "3267"
"3269" NA
"3269" "3269"
"3270" NA
"3270" "3270"
"3271" NA
"3271" "3271"
"3272" NA
"3272" "3272"
"3273" NA
"3273" "3273"
"3274" NA
"3274" "3274"
"3275" NA
"3275" "3275"
"3276" NA
"3276" "3276"
"3277" NA
"3277" "3277"
"3278" NA
"3278" "3278"
"3279" "attractive"
"3282" NA
"3282" "3282"
"3283" NA
"3283" "3283"
"3285" NA
"3285" "3285"
"3286" NA
"3286" "3286"
"3288" NA
"3288" "3288"
"3289" NA
"3289" "3289"
"3290" NA
"3290" "3290"
"3291" NA
"3291" "3291"
"3292" NA
"3292" "3292"
"3293" NA
"3293" "3293"
"3294" NA
"3294" "3294"
"3295" "lazy"
"3296" NA
"3296" "3296"
"3297" NA
"3297" "3297"
"3299" NA
"3299" "3299"
"3300" NA
"3300" "3300"
"3302" NA
"3302" "3302"
"3303" NA
"3303" "3303"
"3304" NA
"3304" "3304"
"3305" NA
"3305" "3305"
"3308" NA
"3308" "3308"
"3309" NA
"3309" "3309"
"3311" NA
"3311" "3311"
"3312" NA
"3312" "3312"
"3313" NA
"3313" "3313"
"3315" NA
"3315" "3315"
"3316" NA
"3316" "3316"
"3318" NA
"3318" "3318"
"3319" NA
"3319" "3319"
"3320" NA
"3320" "3320"
"3321" NA
"3321" "3321"
"3322" NA
"3322" "3322"
"3323" NA
"3323" "3323"
"3324" NA
"3324" "3324"
"3326" NA
"3326" "3326"
"3327" NA
"3327" "3327"
"3335" NA
"3335" "3335"
"3336" NA
"3336" "3336"
"3337" NA
"3337" "3337"
"3338" NA
"3338" "3338"
"3340" NA
"3340" "3340"
"3341" NA
"3341" "3341"
"3342" NA
"3342" "3342"
"3344" NA
"3344" "3344"
"3345" NA
"3345" "3345"
"3347" "weak"
"3348" NA
"3348" "3348"
"3349" NA
"3349" "3349"
"3351" NA
"3351" "3351"
"3352" NA
"3352" "3352"
"3353" NA
"3353" "3353"
"3354" NA
"3354" "3354"
"3356" NA
"3356" "3356"
"3357" NA
"3357" "3357"
"3359" NA
"3359" "3359"
"3361" NA
"3361" "3361"
"3363" NA
"3363" "3363"
"3364" NA
"3364" "3364"
"3365" NA
"3365" "3365"
"3366" NA
"3366" "3366"
"3367" NA
"3367" "3367"
"3370" NA
"3370" "3370"
"3371" NA
"3371" "3371"
"3372" NA
"3372" "3372"
"3373" NA
"3373" "3373"
"3374" NA
"3374" "3374"
"3375" NA
"3375" "3375"
"3376" NA
"3376" "3376"
"3377" NA
"3377" "3377"
"3378" NA
"3378" "3378"
"3379" NA
"3379" "3379"
"3380" NA
"3380" "3380"
"3381" NA
"3381" "3381"
"3382" NA
"3382" "3382"
"3383" NA
"3383" "3383"
"3384" NA
"3384" "3384"
"3385" NA
"3385" "3385"
"3386" NA
"3386" "3386"
"3387" NA
"3387" "3387"
"3390" NA
"3390" "3390"
"3391" NA
"3391" "3391"
"3392" NA
"3392" "3392"
"3393" NA
"3393" "3393"
"3397" NA
"3397" "3397"
"3398" NA
"3398" "3398"
"3401" NA
"3401" "3401"
"3403" NA
"3403" "3403"
"3404" NA
"3404" "3404"
"3405" NA
"3405" "3405"
"3407" NA
"3407" "3407"
"3408" NA
"3408" "3408"
"3409" NA
"3409" "3409"
"3410" NA
"3410" "3410"
"3411" NA
"3411" "3411"
"3414" NA
"3414" "3414"
"3415" NA
"3415" "3415"
"3417" NA
"3417" "3417"
"3419" NA
"3419" "3419"
"3421" NA
"3421" "3421"
"3424" NA
"3424" "3424"
"3426" NA
"3426" "3426"
"3431" NA
"3431" "3431"
"3433" NA
"3433" "3433"
"3435" NA
"3435" "3435"
"3436" NA
"3436" "3436"
"3442" NA
"3442" "3442"
"3443" NA
"3443" "3443"
"3447" NA
"3447" "3447"
"3449" NA
"3449" "3449"
"3450" NA
"3450" "3450"
"3452" NA
"3452" "3452"
"3454" NA
"3454" "3454"
"3455" NA
"3455" "3455"
"3456" NA
"3456" "3456"
"3458" NA
"3458" "3458"
"3463" NA
"3463" "3463"
"3464" NA
"3464" "3464"
"3466" NA
"3466" "3466"
"3467" NA
"3467" "3467"
"3468" NA
"3468" "3468"
"3471" NA
"3471" "3471"
"3472" NA
"3472" "3472"
"3473" NA
"3473" "3473"
"3475" NA
"3475" "3475"
"3477" NA
"3477" "3477"
"3481" NA
"3481" "3481"
"3483" NA
"3483" "3483"
"3484" NA
"3484" "3484"
"3486" NA
"3486" "3486"
"3487" NA
"3487" "3487"
"3489" NA
"3489" "3489"
"3490" NA
"3490" "3490"
"3491" "thoughtful"
"3492" "impressive"
"3493" NA
"3493" "3493"
"3494" NA
"3494" "3494"
"3496" NA
"3496" "3496"
"3497" NA
"3497" "3497"
"3498" NA
"3498" "3498"
"3499" NA
"3499" "3499"
"3500" NA
"3500" "3500"
"3501" NA
"3501" "3501"
"3503" NA
"3503" "3503"
"3504" NA
"3504" "3504"
"3505" NA
"3505" "3505"
"3507" NA
"3507" "3507"
"3508" NA
"3508" "3508"
"3509" NA
"3509" "3509"
"3510" NA
"3510" "3510"
"3511" NA
"3511" "3511"
"3512" NA
"3512" "3512"
"3513" NA
"3513" "3513"
"3514" NA
"3514" "3514"
"3515" NA
"3515" "3515"
"3516" NA
"3516" "3516"
"3517" NA
"3517" "3517"
"3518" NA
"3518" "3518"
"3520" "romantic"
"3522" NA
"3522" "3522"
"3523" NA
"3523" "3523"
"3525" NA
"3525" "3525"
"3527" NA
"3527" "3527"
"3528" NA
"3528" "3528"
"3529" NA
"3529" "3529"
"3531" NA
"3531" "3531"
"3532" NA
"3532" "3532"
"3533" NA
"3533" "3533"
"3534" NA
"3534" "3534"
"3535" NA
"3535" "3535"
"3537" NA
"3537" "3537"
"3539" NA
"3539" "3539"
"3542" NA
"3542" "3542"
"3543" NA
"3543" "3543"
"3544" NA
"3544" "3544"
"3545" NA
"3545" "3545"
"3546" NA
"3546" "3546"
"3547" NA
"3547" "3547"
"3548" NA
"3548" "3548"
"3549" NA
"3549" "3549"
"3551" NA
"3551" "3551"
"3553" NA
"3553" "3553"
"3555" NA
"3555" "3555"
"3558" NA
"3558" "3558"
"3559" NA
"3559" "3559"
"3560" NA
"3560" "3560"
"3563" NA
"3563" "3563"
"3564" NA
"3564" "3564"
"3566" NA
"3566" "3566"
"3567" NA
"3567" "3567"
"3568" NA
"3568" "3568"
"3571" NA
"3571" "3571"
"3572" NA
"3572" "3572"
"3573" NA
"3573" "3573"
"3574" NA
"3574" "3574"
"3575" NA
"3575" "3575"
"3577" NA
"3577" "3577"
"3579" NA
"3579" "3579"
"3580" NA
"3580" "3580"
"3581" NA
"3581" "3581"
"3583" NA
"3583" "3583"
"3584" NA
"3584" "3584"
"3585" NA
"3585" "3585"
"3586" NA
"3586" "3586"
"3587" NA
"3587" "3587"
"3589" NA
"3589" "3589"
"3590" NA
"3590" "3590"
"3591" NA
"3591" "3591"
"3592" NA
"3592" "3592"
"3593" NA
"3593" "3593"
"3594" NA
"3594" "3594"
"3595" NA
"3595" "3595"
"3596" NA
"3596" "3596"
"3597" NA
"3597" "3597"
"3598" NA
"3598" "3598"
"3600" NA
"3600" "3600"
"3602" NA
"3602" "3602"
"3603" NA
"3603" "3603"
"3604" "sarcastic"
"3605" NA
"3605" "3605"
"3606" NA
"3606" "3606"
"3608" NA
"3608" "3608"
"3609" NA
"3609" "3609"
"3610" NA
"3610" "3610"
"3611" NA
"3611" "3611"
"3612" NA
"3612" "3612"
"3613" NA
"3613" "3613"
"3614" NA
"3614" "3614"
"3615" NA
"3615" "3615"
"3617" NA
"3617" "3617"
"3618" NA
"3618" "3618"
"3620" NA
"3620" "3620"
"3621" NA
"3621" "3621"
"3623" "important"
"3624" NA
"3624" "3624"
"3625" NA
"3625" "3625"
"3626" NA
"3626" "3626"
"3627" NA
"3627" "3627"
"3628" NA
"3628" "3628"
"3629" NA
"3629" "3629"
"3630" NA
"3630" "3630"
"3631" NA
"3631" "3631"
"3632" NA
"3632" "3632"
"3634" NA
"3634" "3634"
"3635" NA
"3635" "3635"
"3636" NA
"3636" "3636"
"3638" NA
"3638" "3638"
"3639" NA
"3639" "3639"
"3640" NA
"3640" "3640"
"3641" NA
"3641" "3641"
"3642" NA
"3642" "3642"
"3643" NA
"3643" "3643"
"3644" NA
"3644" "3644"
"3645" NA
"3645" "3645"
"3646" "surprised"
"3648" NA
"3648" "3648"
"3649" NA
"3649" "3649"
"3650" NA
"3650" "3650"
"3651" NA
"3651" "3651"
"3652" NA
"3652" "3652"
"3655" NA
"3655" "3655"
"3656" NA
"3656" "3656"
"3657" NA
"3657" "3657"
"3658" NA
"3658" "3658"
"3659" NA
"3659" "3659"
"3660" NA
"3660" "3660"
"3661" NA
"3661" "3661"
"3664" NA
"3664" "3664"
"3665" NA
"3665" "3665"
"3666" NA
"3666" "3666"
"3667" NA
"3667" "3667"
"3669" NA
"3669" "3669"
"3671" NA
"3671" "3671"
"3672" NA
"3672" "3672"
"3673" NA
"3673" "3673"
"3674" NA
"3674" "3674"
"3675" NA
"3675" "3675"
"3676" NA
"3676" "3676"
"3677" NA
"3677" "3677"
"3679" NA
"3679" "3679"
"3680" NA
"3680" "3680"
"3681" NA
"3681" "3681"
"3683" NA
"3683" "3683"
"3684" NA
"3684" "3684"
"3685" NA
"3685" "3685"
"3686" NA
"3686" "3686"
"3687" NA
"3687" "3687"
"3688" NA
"3688" "3688"
"3689" NA
"3689" "3689"
"3690" NA
"3690" "3690"
"3691" NA
"3691" "3691"
"3692" NA
"3692" "3692"
"3693" NA
"3693" "3693"
"3694" NA
"3694" "3694"
"3695" NA
"3695" "3695"
"3696" NA
"3696" "3696"
"3699" NA
"3699" "3699"
"3700" NA
"3700" "3700"
"3701" NA
"3701" "3701"
"3702" NA
"3702" "3702"
"3704" NA
"3704" "3704"
"3706" NA
"3706" "3706"
"3709" "witty"
"3710" NA
"3710" "3710"
"3711" NA
"3711" "3711"
"3712" NA
"3712" "3712"
"3713" NA
"3713" "3713"
"3714" NA
"3714" "3714"
"3715" NA
"3715" "3715"
"3716" NA
"3716" "3716"
"3719" NA
"3719" "3719"
"3720" NA
"3720" "3720"
"3722" NA
"3722" "3722"
"3723" NA
"3723" "3723"
"3729" NA
"3729" "3729"
"3730" NA
"3730" "3730"
"3731" NA
"3731" "3731"
"3732" NA
"3732" "3732"
"3733" NA
"3733" "3733"
"3734" NA
"3734" "3734"
"3737" NA
"3737" "3737"
"3738" NA
"3738" "3738"
"3739" NA
"3739" "3739"
"3740" NA
"3740" "3740"
"3741" NA
"3741" "3741"
"3742" NA
"3742" "3742"
"3743" NA
"3743" "3743"
"3745" NA
"3745" "3745"
"3747" NA
"3747" "3747"
"3749" NA
"3749" "3749"
"3750" NA
"3750" "3750"
"3751" "cruel"
"3753" NA
"3753" "3753"
"3754" NA
"3754" "3754"
"3755" NA
"3755" "3755"
"3756" NA
"3756" "3756"
"3757" NA
"3757" "3757"
"3758" NA
"3758" "3758"
"3760" NA
"3760" "3760"
"3762" NA
"3762" "3762"
"3763" NA
"3763" "3763"
"3764" NA
"3764" "3764"
"3765" NA
"3765" "3765"
"3766" NA
"3766" "3766"
"3767" NA
"3767" "3767"
"3769" NA
"3769" "3769"
"3770" NA
"3770" "3770"
"3772" NA
"3772" "3772"
"3773" NA
"3773" "3773"
"3774" NA
"3774" "3774"
"3775" NA
"3775" "3775"
"3776" NA
"3776" "3776"
"3777" NA
"3777" "3777"
"3778" NA
"3778" "3778"
"3779" NA
"3779" "3779"
"3781" NA
"3781" "3781"
"3782" NA
"3782" "3782"
"3783" NA
"3783" "3783"
"3784" NA
"3784" "3784"
"3791" NA
"3791" "3791"
"3792" NA
"3792" "3792"
"3793" NA
"3793" "3793"
"3794" NA
"3794" "3794"
"3795" NA
"3795" "3795"
"3796" NA
"3796" "3796"
"3798" NA
"3798" "3798"
"3799" NA
"3799" "3799"
"3801" NA
"3801" "3801"
"3802" NA
"3802" "3802"
"3803" NA
"3803" "3803"
"3804" NA
"3804" "3804"
"3805" NA
"3805" "3805"
"3807" NA
"3807" "3807"
"3808" NA
"3808" "3808"
"3809" NA
"3809" "3809"
"3811" NA
"3811" "3811"
"3812" NA
"3812" "3812"
"3813" NA
"3813" "3813"
"3814" NA
"3814" "3814"
"3816" NA
"3816" "3816"
"3817" NA
"3817" "3817"
"3818" NA
"3818" "3818"
"3819" NA
"3819" "3819"
"3820" NA
"3820" "3820"
"3821" NA
"3821" "3821"
"3822" NA
"3822" "3822"
"3823" NA
"3823" "3823"
"3825" NA
"3825" "3825"
"3826" NA
"3826" "3826"
"3827" NA
"3827" "3827"
"3828" NA
"3828" "3828"
"3829" NA
"3829" "3829"
"3830" NA
"3830" "3830"
"3831" NA
"3831" "3831"
"3835" NA
"3835" "3835"
"3836" NA
"3836" "3836"
"3837" NA
"3837" "3837"
"3838" NA
"3838" "3838"
"3839" NA
"3839" "3839"
"3840" NA
"3840" "3840"
"3841" NA
"3841" "3841"
"3842" NA
"3842" "3842"
"3843" NA
"3843" "3843"
"3844" NA
"3844" "3844"
"3845" NA
"3845" "3845"
"3846" NA
"3846" "3846"
"3848" NA
"3848" "3848"
"3849" NA
"3849" "3849"
"3850" NA
"3850" "3850"
"3851" NA
"3851" "3851"
"3852" NA
"3852" "3852"
"3853" NA
"3853" "3853"
"3854" NA
"3854" "3854"
"3855" NA
"3855" "3855"
"3856" NA
"3856" "3856"
"3857" NA
"3857" "3857"
"3859" NA
"3859" "3859"
"3860" NA
"3860" "3860"
"3862" NA
"3862" "3862"
"3863" NA
"3863" "3863"
"3864" NA
"3864" "3864"
"3865" NA
"3865" "3865"
"3867" NA
"3867" "3867"
"3868" NA
"3868" "3868"
"3869" NA
"3869" "3869"
"3870" NA
"3870" "3870"
"3874" NA
"3874" "3874"
"3875" NA
"3875" "3875"
"3876" "concerned"
"3877" NA
"3877" "3877"
"3880" NA
"3880" "3880"
"3881" NA
"3881" "3881"
"3883" NA
"3883" "3883"
"3886" NA
"3886" "3886"
"3887" NA
"3887" "3887"
"3888" NA
"3888" "3888"
"3891" "lonely"
"3893" NA
"3893" "3893"
"3894" NA
"3894" "3894"
"3895" NA
"3895" "3895"
"3896" NA
"3896" "3896"
"3897" NA
"3897" "3897"
"3898" NA
"3898" "3898"
"3900" NA
"3900" "3900"
"3901" NA
"3901" "3901"
"3902" NA
"3902" "3902"
"3903" NA
"3903" "3903"
"3904" NA
"3904" "3904"
"3906" "rude"
"3907" NA
"3907" "3907"
"3908" NA
"3908" "3908"
"3909" NA
"3909" "3909"
"3910" NA
"3910" "3910"
"3911" NA
"3911" "3911"
"3912" NA
"3912" "3912"
"3913" NA
"3913" "3913"
"3914" NA
"3914" "3914"
"3917" NA
"3917" "3917"
"3918" NA
"3918" "3918"
"3919" NA
"3919" "3919"
"3920" NA
"3920" "3920"
"3922" NA
"3922" "3922"
"3923" NA
"3923" "3923"
"3924" NA
"3924" "3924"
"3925" NA
"3925" "3925"
"3926" NA
"3926" "3926"
"3927" NA
"3927" "3927"
"3928" NA
"3928" "3928"
"3929" NA
"3929" "3929"
"3930" NA
"3930" "3930"
"3931" NA
"3931" "3931"
"3932" NA
"3932" "3932"
"3933" NA
"3933" "3933"
"3934" NA
"3934" "3934"
"3935" NA
"3935" "3935"
"3936" NA
"3936" "3936"
"3937" NA
"3937" "3937"
"3939" NA
"3939" "3939"
"3941" NA
"3941" "3941"
"3942" NA
"3942" "3942"
"3943" NA
"3943" "3943"
"3944" NA
"3944" "3944"
"3945" NA
"3945" "3945"
"3947" NA
"3947" "3947"
"3948" NA
"3948" "3948"
"3950" NA
"3950" "3950"
"3951" NA
"3951" "3951"
"3952" NA
"3952" "3952"
"3953" NA
"3953" "3953"
"3955" NA
"3955" "3955"
"3956" NA
"3956" "3956"
"3957" NA
"3957" "3957"
"3958" NA
"3958" "3958"
"3959" NA
"3959" "3959"
"3960" NA
"3960" "3960"
"3961" NA
"3961" "3961"
"3962" NA
"3962" "3962"
"3963" NA
"3963" "3963"
"3964" NA
"3964" "3964"
"3965" NA
"3965" "3965"
"3966" NA
"3966" "3966"
"3967" "innocent"
"3970" NA
"3970" "3970"
"3971" NA
"3971" "3971"
"3973" NA
"3973" "3973"
"3974" NA
"3974" "3974"
"3975" NA
"3975" "3975"
"3976" NA
"3976" "3976"
"3977" NA
"3977" "3977"
"3978" NA
"3978" "3978"
"3979" NA
"3979" "3979"
"3980" NA
"3980" "3980"
"3981" NA
"3981" "3981"
"3982" NA
"3982" "3982"
"3983" NA
"3983" "3983"
"3984" NA
"3984" "3984"
"3986" NA
"3986" "3986"
"3987" NA
"3987" "3987"
"3988" NA
"3988" "3988"
"3989" NA
"3989" "3989"
"3990" NA
"3990" "3990"
"3991" NA
"3991" "3991"
"3992" NA
"3992" "3992"
"3993" NA
"3993" "3993"
"3994" NA
"3994" "3994"
"3995" NA
"3995" "3995"
"3996" NA
"3996" "3996"
"3997" NA
"3997" "3997"
"3998" NA
"3998" "3998"
"3999" NA
"3999" "3999"
"4000" NA
"4000" "4000"
"4001" NA
"4001" "4001"
"4002" NA
"4002" "4002"
"4003" NA
"4003" "4003"
"4005" NA
"4005" "4005"
"4006" NA
"4006" "4006"
"4007" NA
"4007" "4007"
"4009" NA
"4009" "4009"
"4010" NA
"4010" "4010"
"4011" NA
"4011" "4011"
"4012" NA
"4012" "4012"
"4013" NA
"4013" "4013"
"4014" NA
"4014" "4014"
"4015" NA
"4015" "4015"
"4016" NA
"4016" "4016"
"4017" NA
"4017" "4017"
"4018" NA
"4018" "4018"
"4021" NA
"4021" "4021"
"4022" NA
"4022" "4022"
"4023" "wonderful"
"4025" NA
"4025" "4025"
"4026" NA
"4026" "4026"
"4027" NA
"4027" "4027"
"4028" NA
"4028" "4028"
"4030" NA
"4030" "4030"
"4031" NA
"4031" "4031"
"4032" NA
"4032" "4032"
"4033" NA
"4033" "4033"
"4034" NA
"4034" "4034"
"4035" NA
"4035" "4035"
"4036" NA
"4036" "4036"
"4037" NA
"4037" "4037"
"4038" NA
"4038" "4038"
"4039" NA
"4039" "4039"
"4040" NA
"4040" "4040"
"4041" NA
"4041" "4041"
"4043" NA
"4043" "4043"
"4044" NA
"4044" "4044"
"4045" NA
"4045" "4045"
"4047" NA
"4047" "4047"
"4048" NA
"4048" "4048"
"4049" NA
"4049" "4049"
"4050" NA
"4050" "4050"
"4052" NA
"4052" "4052"
"4053" NA
"4053" "4053"
"4054" NA
"4054" "4054"
"4055" "strict"
"4056" NA
"4056" "4056"
"4057" NA
"4057" "4057"
"4058" NA
"4058" "4058"
"4059" NA
"4059" "4059"
"4060" NA
"4060" "4060"
"4061" NA
"4061" "4061"
"4063" NA
"4063" "4063"
"4064" NA
"4064" "4064"
"4066" NA
"4066" "4066"
"4068" NA
"4068" "4068"
"4069" NA
"4069" "4069"
"4070" NA
"4070" "4070"
"4071" NA
"4071" "4071"
"4072" NA
"4072" "4072"
"4073" NA
"4073" "4073"
"4074" NA
"4074" "4074"
"4076" NA
"4076" "4076"
"4077" "#-rich"
"4078" NA
"4078" "4078"
"4079" NA
"4079" "4079"
"4080" NA
"4080" "4080"
"4081" NA
"4081" "4081"
"4083" NA
"4083" "4083"
"4084" NA
"4084" "4084"
"4085" NA
"4085" "4085"
"4086" NA
"4086" "4086"
"4087" NA
"4087" "4087"
"4088" NA
"4088" "4088"
"4089" NA
"4089" "4089"
"4091" NA
"4091" "4091"
"4092" NA
"4092" "4092"
"4094" NA
"4094" "4094"
"4095" NA
"4095" "4095"
"4096" NA
"4096" "4096"
"4097" NA
"4097" "4097"
"4099" NA
"4099" "4099"
"4100" NA
"4100" "4100"
"4101" NA
"4101" "4101"
"4102" NA
"4102" "4102"
"4103" NA
"4103" "4103"
"4104" NA
"4104" "4104"
"4105" NA
"4105" "4105"
"4106" NA
"4106" "4106"
"4109" NA
"4109" "4109"
"4110" NA
"4110" "4110"
"4111" NA
"4111" "4111"
"4113" NA
"4113" "4113"
"4114" NA
"4114" "4114"
"4115" NA
"4115" "4115"
"4116" NA
"4116" "4116"
"4117" NA
"4117" "4117"
"4118" NA
"4118" "4118"
"4119" NA
"4119" "4119"
"4120" NA
"4120" "4120"
"4122" NA
"4122" "4122"
"4123" NA
"4123" "4123"
"4124" NA
"4124" "4124"
"4125" NA
"4125" "4125"
"4126" NA
"4126" "4126"
"4127" NA
"4127" "4127"
"4128" NA
"4128" "4128"
"4130" NA
"4130" "4130"
"4131" NA
"4131" "4131"
"4132" NA
"4132" "4132"
"4133" NA
"4133" "4133"
"4137" NA
"4137" "4137"
"4138" NA
"4138" "4138"
"4139" NA
"4139" "4139"
"4140" NA
"4140" "4140"
"4141" NA
"4141" "4141"
"4142" NA
"4142" "4142"
"4143" NA
"4143" "4143"
"4145" NA
"4145" "4145"
"4146" NA
"4146" "4146"
"4147" NA
"4147" "4147"
"4148" NA
"4148" "4148"
"4152" NA
"4152" "4152"
"4153" NA
"4153" "4153"
"4154" NA
"4154" "4154"
"4155" NA
"4155" "4155"
"4156" NA
"4156" "4156"
"4157" NA
"4157" "4157"
"4158" NA
"4158" "4158"
"4159" NA
"4159" "4159"
"4160" NA
"4160" "4160"
"4161" NA
"4161" "4161"
"4162" NA
"4162" "4162"
"4163" NA
"4163" "4163"
"4164" NA
"4164" "4164"
"4165" NA
"4165" "4165"
"4166" NA
"4166" "4166"
"4167" NA
"4167" "4167"
"4168" NA
"4168" "4168"
"4169" NA
"4169" "4169"
"4172" NA
"4172" "4172"
"4175" NA
"4175" "4175"
"4176" NA
"4176" "4176"
"4177" NA
"4177" "4177"
"4179" NA
"4179" "4179"
"4180" NA
"4180" "4180"
"4181" NA
"4181" "4181"
"4183" NA
"4183" "4183"
"4184" NA
"4184" "4184"
"4185" NA
"4185" "4185"
"4186" NA
"4186" "4186"
"4187" NA
"4187" "4187"
"4188" NA
"4188" "4188"
"4190" NA
"4190" "4190"
"4191" NA
"4191" "4191"
"4192" NA
"4192" "4192"
"4194" NA
"4194" "4194"
"4195" NA
"4195" "4195"
"4196" NA
"4196" "4196"
"4200" NA
"4200" "4200"
"4201" NA
"4201" "4201"
"4202" NA
"4202" "4202"
"4203" NA
"4203" "4203"
"4204" NA
"4204" "4204"
"4205" NA
"4205" "4205"
"4206" NA
"4206" "4206"
"4207" NA
"4207" "4207"
"4209" NA
"4209" "4209"
"4210" NA
"4210" "4210"
"4211" NA
"4211" "4211"
"4213" NA
"4213" "4213"
"4214" NA
"4214" "4214"
"4215" NA
"4215" "4215"
"4216" NA
"4216" "4216"
"4218" NA
"4218" "4218"
"4220" NA
"4220" "4220"
"4221" NA
"4221" "4221"
"4222" NA
"4222" "4222"
"4223" NA
"4223" "4223"
"4226" NA
"4226" "4226"
"4227" NA
"4227" "4227"
"4228" NA
"4228" "4228"
"4229" NA
"4229" "4229"
"4230" NA
"4230" "4230"
"4231" NA
"4231" "4231"
"4232" NA
"4232" "4232"
"4234" NA
"4234" "4234"
"4235" NA
"4235" "4235"
"4237" NA
"4237" "4237"
"4239" NA
"4239" "4239"
"4240" NA
"4240" "4240"
"4241" NA
"4241" "4241"
"4243" NA
"4243" "4243"
"4244" NA
"4244" "4244"
"4245" "respectable"
"4246" NA
"4246" "4246"
"4248" NA
"4248" "4248"
"4250" NA
"4250" "4250"
"4252" NA
"4252" "4252"
"4254" NA
"4254" "4254"
"4255" NA
"4255" "4255"
"4256" NA
"4256" "4256"
"4257" NA
"4257" "4257"
"4258" NA
"4258" "4258"
"4259" NA
"4259" "4259"
"4260" NA
"4260" "4260"
"4261" NA
"4261" "4261"
"4262" NA
"4262" "4262"
"4263" NA
"4263" "4263"
"4264" NA
"4264" "4264"
"4265" NA
"4265" "4265"
"4266" NA
"4266" "4266"
"4268" NA
"4268" "4268"
"4269" NA
"4269" "4269"
"4271" NA
"4271" "4271"
"4272" NA
"4272" "4272"
"4273" NA
"4273" "4273"
"4274" NA
"4274" "4274"
"4275" NA
"4275" "4275"
"4277" NA
"4277" "4277"
"4280" NA
"4280" "4280"
"4281" NA
"4281" "4281"
"4282" NA
"4282" "4282"
"4283" NA
"4283" "4283"
"4285" NA
"4285" "4285"
"4288" NA
"4288" "4288"
"4289" NA
"4289" "4289"
"4292" NA
"4292" "4292"
"4293" NA
"4293" "4293"
"4294" NA
"4294" "4294"
"4296" NA
"4296" "4296"
"4298" NA
"4298" "4298"
"4300" NA
"4300" "4300"
"4306" NA
"4306" "4306"
"4309" NA
"4309" "4309"
"4310" NA
"4310" "4310"
"4311" NA
"4311" "4311"
"4312" NA
"4312" "4312"
"4314" NA
"4314" "4314"
"4316" NA
"4316" "4316"
"4318" NA
"4318" "4318"
"4319" NA
"4319" "4319"
"4320" NA
"4320" "4320"
"4321" NA
"4321" "4321"
"4322" NA
"4322" "4322"
"4324" NA
"4324" "4324"
"4325" NA
"4325" "4325"
"4326" NA
"4326" "4326"
"4327" NA
"4327" "4327"
"4328" NA
"4328" "4328"
"4330" NA
"4330" "4330"
"4331" NA
"4331" "4331"
"4332" NA
"4332" "4332"
"4333" NA
"4333" "4333"
"4334" NA
"4334" "4334"
"4335" NA
"4335" "4335"
"4336" NA
"4336" "4336"
"4337" NA
"4337" "4337"
"4338" NA
"4338" "4338"
"4339" NA
"4339" "4339"
"4340" NA
"4340" "4340"
"4341" NA
"4341" "4341"
"4342" NA
"4342" "4342"
"4343" NA
"4343" "4343"
"4345" NA
"4345" "4345"
"4347" NA
"4347" "4347"
"4348" NA
"4348" "4348"
"4349" NA
"4349" "4349"
"4351" NA
"4351" "4351"
"4352" NA
"4352" "4352"
"4353" NA
"4353" "4353"
"4354" NA
"4354" "4354"
"4355" NA
"4355" "4355"
"4356" NA
"4356" "4356"
"4358" NA
"4358" "4358"
"4360" NA
"4360" "4360"
"4361" NA
"4361" "4361"
"4362" NA
"4362" "4362"
"4363" NA
"4363" "4363"
"4364" NA
"4364" "4364"
"4365" NA
"4365" "4365"
"4366" NA
"4366" "4366"
"4367" NA
"4367" "4367"
"4368" NA
"4368" "4368"
"4369" NA
"4369" "4369"
"4371" NA
"4371" "4371"
"4372" NA
"4372" "4372"
"4373" NA
"4373" "4373"
"4376" NA
"4376" "4376"
"4377" NA
"4377" "4377"
"4378" NA
"4378" "4378"
"4379" NA
"4379" "4379"
"4380" NA
"4380" "4380"
"4381" NA
"4381" "4381"
"4382" NA
"4382" "4382"
"4383" NA
"4383" "4383"
"4385" NA
"4385" "4385"
"4386" NA
"4386" "4386"
"4389" NA
"4389" "4389"
"4391" NA
"4391" "4391"
"4392" NA
"4392" "4392"
"4393" NA
"4393" "4393"
"4394" NA
"4394" "4394"
"4395" NA
"4395" "4395"
"4396" NA
"4396" "4396"
"4399" NA
"4399" "4399"
"4400" NA
"4400" "4400"
"4401" NA
"4401" "4401"
"4403" NA
"4403" "4403"
"4404" NA
"4404" "4404"
"4406" NA
"4406" "4406"
"4407" "greedy"
"4408" NA
"4408" "4408"
"4410" NA
"4410" "4410"
"4411" NA
"4411" "4411"
"4414" NA
"4414" "4414"
"4415" NA
"4415" "4415"
"4416" NA
"4416" "4416"
"4418" NA
"4418" "4418"
"4420" NA
"4420" "4420"
"4421" NA
"4421" "4421"
"4422" NA
"4422" "4422"
"4423" NA
"4423" "4423"
"4424" NA
"4424" "4424"
"4426" NA
"4426" "4426"
"4427" NA
"4427" "4427"
"4428" NA
"4428" "4428"
"4431" NA
"4431" "4431"
"4432" NA
"4432" "4432"
"4433" NA
"4433" "4433"
"4435" NA
"4435" "4435"
"4436" NA
"4436" "4436"
"4437" NA
"4437" "4437"
"4438" NA
"4438" "4438"
"4439" NA
"4439" "4439"
"4440" NA
"4440" "4440"
"4441" NA
"4441" "4441"
"4442" NA
"4442" "4442"
"4443" NA
"4443" "4443"
"4444" NA
"4444" "4444"
"4445" NA
"4445" "4445"
"4446" NA
"4446" "4446"
"4447" NA
"4447" "4447"
"4449" NA
"4449" "4449"
"4450" NA
"4450" "4450"
"4451" NA
"4451" "4451"
"4452" NA
"4452" "4452"
"4453" NA
"4453" "4453"
"4455" NA
"4455" "4455"
"4456" NA
"4456" "4456"
"4457" NA
"4457" "4457"
"4461" NA
"4461" "4461"
"4462" NA
"4462" "4462"
"4464" NA
"4464" "4464"
"4467" NA
"4467" "4467"
"4468" NA
"4468" "4468"
"4469" NA
"4469" "4469"
"4470" NA
"4470" "4470"
"4471" NA
"4471" "4471"
"4473" NA
"4473" "4473"
"4475" NA
"4475" "4475"
"4477" NA
"4477" "4477"
"4478" NA
"4478" "4478"
"4479" NA
"4479" "4479"
"4480" NA
"4480" "4480"
"4481" NA
"4481" "4481"
"4482" NA
"4482" "4482"
"4483" NA
"4483" "4483"
"4484" NA
"4484" "4484"
"4485" NA
"4485" "4485"
"4486" NA
"4486" "4486"
"4487" NA
"4487" "4487"
"4488" NA
"4488" "4488"
"4490" NA
"4490" "4490"
"4491" NA
"4491" "4491"
"4492" NA
"4492" "4492"
"4493" NA
"4493" "4493"
"4494" NA
"4494" "4494"
"4495" NA
"4495" "4495"
"4498" NA
"4498" "4498"
"4499" NA
"4499" "4499"
"4500" NA
"4500" "4500"
"4501" NA
"4501" "4501"
"4502" NA
"4502" "4502"
"4504" NA
"4504" "4504"
"4507" NA
"4507" "4507"
"4509" NA
"4509" "4509"
"4510" NA
"4510" "4510"
"4511" NA
"4511" "4511"
"4512" NA
"4512" "4512"
"4513" NA
"4513" "4513"
"4516" NA
"4516" "4516"
"4517" NA
"4517" "4517"
"4518" NA
"4518" "4518"
"4519" NA
"4519" "4519"
"4520" NA
"4520" "4520"
"4522" NA
"4522" "4522"
"4525" NA
"4525" "4525"
"4526" NA
"4526" "4526"
"4527" NA
"4527" "4527"
"4528" NA
"4528" "4528"
"4529" NA
"4529" "4529"
"4530" NA
"4530" "4530"
"4531" NA
"4531" "4531"
"4532" NA
"4532" "4532"
"4533" "confident"
"4534" NA
"4534" "4534"
"4535" NA
"4535" "4535"
"4536" NA
"4536" "4536"
"4538" NA
"4538" "4538"
"4539" NA
"4539" "4539"
"4541" NA
"4541" "4541"
"4542" NA
"4542" "4542"
"4543" NA
"4543" "4543"
"4544" NA
"4544" "4544"
"4545" NA
"4545" "4545"
"4546" NA
"4546" "4546"
"4547" NA
"4547" "4547"
"4548" NA
"4548" "4548"
"4549" NA
"4549" "4549"
"4550" NA
"4550" "4550"
"4551" NA
"4551" "4551"
"4552" NA
"4552" "4552"
"4553" NA
"4553" "4553"
"4554" NA
"4554" "4554"
"4555" NA
"4555" "4555"
"4557" NA
"4557" "4557"
"4558" NA
"4558" "4558"
"4559" NA
"4559" "4559"
"4560" NA
"4560" "4560"
"4561" NA
"4561" "4561"
"4562" "#-confident"
"4563" NA
"4563" "4563"
"4564" NA
"4564" "4564"
"4565" NA
"4565" "4565"
"4566" NA
"4566" "4566"
"4567" NA
"4567" "4567"
"4569" NA
"4569" "4569"
"4570" NA
"4570" "4570"
"4571" NA
"4571" "4571"
"4572" NA
"4572" "4572"
"4573" NA
"4573" "4573"
"4575" NA
"4575" "4575"
"4576" NA
"4576" "4576"
"4577" NA
"4577" "4577"
"4578" NA
"4578" "4578"
"4579" NA
"4579" "4579"
"4580" NA
"4580" "4580"
"4581" NA
"4581" "4581"
"4582" NA
"4582" "4582"
"4583" NA
"4583" "4583"
"4586" NA
"4586" "4586"
"4587" NA
"4587" "4587"
"4588" NA
"4588" "4588"
"4589" NA
"4589" "4589"
"4591" NA
"4591" "4591"
"4592" NA
"4592" "4592"
"4594" NA
"4594" "4594"
"4595" NA
"4595" "4595"
"4597" NA
"4597" "4597"
"4598" NA
"4598" "4598"
"4599" NA
"4599" "4599"
"4601" NA
"4601" "4601"
"4602" NA
"4602" "4602"
"4603" NA
"4603" "4603"
"4606" NA
"4606" "4606"
"4607" NA
"4607" "4607"
"4608" NA
"4608" "4608"
"4611" NA
"4611" "4611"
"4612" NA
"4612" "4612"
"4613" NA
"4613" "4613"
"4614" NA
"4614" "4614"
"4616" NA
"4616" "4616"
"4617" "prompt"
"4619" NA
"4619" "4619"
"4621" "careful"
"4622" NA
"4622" "4622"
"4623" NA
"4623" "4623"
"4624" NA
"4624" "4624"
"4625" NA
"4625" "4625"
"4626" NA
"4626" "4626"
"4627" NA
"4627" "4627"
"4628" NA
"4628" "4628"
"4629" "admirable"
"4630" NA
"4630" "4630"
"4631" NA
"4631" "4631"
"4632" NA
"4632" "4632"
"4636" NA
"4636" "4636"
"4637" NA
"4637" "4637"
"4638" NA
"4638" "4638"
"4639" NA
"4639" "4639"
"4640" NA
"4640" "4640"
"4641" NA
"4641" "4641"
"4643" NA
"4643" "4643"
"4644" NA
"4644" "4644"
"4646" NA
"4646" "4646"
"4647" NA
"4647" "4647"
"4648" NA
"4648" "4648"
"4649" NA
"4649" "4649"
"4652" NA
"4652" "4652"
"4653" NA
"4653" "4653"
"4654" NA
"4654" "4654"
"4656" NA
"4656" "4656"
"4657" NA
"4657" "4657"
"4659" NA
"4659" "4659"
"4663" NA
"4663" "4663"
"4664" NA
"4664" "4664"
"4665" NA
"4665" "4665"
"4666" NA
"4666" "4666"
"4668" NA
"4668" "4668"
"4669" NA
"4669" "4669"
"4670" NA
"4670" "4670"
"4671" NA
"4671" "4671"
"4672" NA
"4672" "4672"
"4673" NA
"4673" "4673"
"4674" NA
"4674" "4674"
"4675" NA
"4675" "4675"
"4676" NA
"4676" "4676"
"4677" NA
"4677" "4677"
"4678" NA
"4678" "4678"
"4679" NA
"4679" "4679"
"4680" NA
"4680" "4680"
"4681" NA
"4681" "4681"
"4683" "#-extraordinary"
"4684" NA
"4684" "4684"
"4685" "artificial"
"4686" "valuable"
"4687" NA
"4687" "4687"
"4689" NA
"4689" "4689"
"4690" NA
"4690" "4690"
"4692" NA
"4692" "4692"
"4693" NA
"4693" "4693"
"4694" NA
"4694" "4694"
"4696" NA
"4696" "4696"
"4697" NA
"4697" "4697"
"4698" NA
"4698" "4698"
"4699" NA
"4699" "4699"
"4700" "slim"
"4701" NA
"4701" "4701"
"4703" "#-young"
"4704" NA
"4704" "4704"
"4708" NA
"4708" "4708"
"4710" NA
"4710" "4710"
"4711" NA
"4711" "4711"
"4713" NA
"4713" "4713"
"4714" NA
"4714" "4714"
"4715" "graceful"
"4717" NA
"4717" "4717"
"4718" NA
"4718" "4718"
"4720" NA
"4720" "4720"
"4721" NA
"4721" "4721"
"4722" NA
"4722" "4722"
"4723" NA
"4723" "4723"
"4724" NA
"4724" "4724"
"4725" NA
"4725" "4725"
"4726" NA
"4726" "4726"
"4727" NA
"4727" "4727"
"4728" NA
"4728" "4728"
"4729" NA
"4729" "4729"
"4731" NA
"4731" "4731"
"4732" NA
"4732" "4732"
"4733" NA
"4733" "4733"
"4734" NA
"4734" "4734"
"4735" NA
"4735" "4735"
"4736" NA
"4736" "4736"
"4737" NA
"4737" "4737"
"4738" NA
"4738" "4738"
"4739" NA
"4739" "4739"
"4740" NA
"4740" "4740"
"4741" NA
"4741" "4741"
"4743" NA
"4743" "4743"
"4744" NA
"4744" "4744"
"4746" NA
"4746" "4746"
"4747" NA
"4747" "4747"
"4748" NA
"4748" "4748"
"4749" NA
"4749" "4749"
"4750" NA
"4750" "4750"
"4752" NA
"4752" "4752"
"4753" NA
"4753" "4753"
"4755" NA
"4755" "4755"
"4757" NA
"4757" "4757"
"4758" NA
"4758" "4758"
"4759" NA
"4759" "4759"
"4761" NA
"4761" "4761"
"4762" NA
"4762" "4762"
"4763" NA
"4763" "4763"
"4765" NA
"4765" "4765"
"4766" NA
"4766" "4766"
"4767" NA
"4767" "4767"
"4768" NA
"4768" "4768"
"4769" NA
"4769" "4769"
"4770" NA
"4770" "4770"
"4771" NA
"4771" "4771"
"4773" NA
"4773" "4773"
"4774" NA
"4774" "4774"
"4775" NA
"4775" "4775"
"4776" NA
"4776" "4776"
"4777" NA
"4777" "4777"
"4778" NA
"4778" "4778"
"4779" NA
"4779" "4779"
"4781" NA
"4781" "4781"
"4782" NA
"4782" "4782"
"4783" NA
"4783" "4783"
"4784" NA
"4784" "4784"
"4785" "insane"
"4787" NA
"4787" "4787"
"4788" NA
"4788" "4788"
"4789" NA
"4789" "4789"
"4790" NA
"4790" "4790"
"4791" NA
"4791" "4791"
"4792" NA
"4792" "4792"
"4793" NA
"4793" "4793"
"4794" NA
"4794" "4794"
"4795" NA
"4795" "4795"
"4796" NA
"4796" "4796"
"4798" NA
"4798" "4798"
"4799" NA
"4799" "4799"
"4800" NA
"4800" "4800"
"4801" NA
"4801" "4801"
"4802" NA
"4802" "4802"
"4803" "comfortable"
"4803" "slender"
"4804" NA
"4804" "4804"
"4805" NA
"4805" "4805"
"4806" NA
"4806" "4806"
"4809" NA
"4809" "4809"
"4810" NA
"4810" "4810"
"4811" NA
"4811" "4811"
"4812" NA
"4812" "4812"
"4813" NA
"4813" "4813"
"4814" NA
"4814" "4814"
"4815" NA
"4815" "4815"
"4816" NA
"4816" "4816"
"4818" NA
"4818" "4818"
"4820" NA
"4820" "4820"
"4824" NA
"4824" "4824"
"4825" NA
"4825" "4825"
"4826" NA
"4826" "4826"
"4827" NA
"4827" "4827"
"4829" NA
"4829" "4829"
"4830" NA
"4830" "4830"
"4831" NA
"4831" "4831"
"4833" NA
"4833" "4833"
"4834" NA
"4834" "4834"
"4835" NA
"4835" "4835"
"4836" NA
"4836" "4836"
"4838" NA
"4838" "4838"
"4839" NA
"4839" "4839"
"4841" NA
"4841" "4841"
"4842" NA
"4842" "4842"
"4843" NA
"4843" "4843"
"4844" NA
"4844" "4844"
"4845" NA
"4845" "4845"
"4846" NA
"4846" "4846"
"4847" NA
"4847" "4847"
"4848" NA
"4848" "4848"
"4849" NA
"4849" "4849"
"4850" NA
"4850" "4850"
"4851" NA
"4851" "4851"
"4852" NA
"4852" "4852"
"4854" "faithful"
"4855" NA
"4855" "4855"
"4857" NA
"4857" "4857"
"4858" NA
"4858" "4858"
"4859" NA
"4859" "4859"
"4860" NA
"4860" "4860"
"4861" NA
"4861" "4861"
"4863" NA
"4863" "4863"
"4864" NA
"4864" "4864"
"4865" NA
"4865" "4865"
"4866" NA
"4866" "4866"
"4868" NA
"4868" "4868"
"4869" NA
"4869" "4869"
"4870" NA
"4870" "4870"
"4871" NA
"4871" "4871"
"4872" NA
"4872" "4872"
"4874" NA
"4874" "4874"
"4875" NA
"4875" "4875"
"4876" NA
"4876" "4876"
"4877" NA
"4877" "4877"
"4879" NA
"4879" "4879"
"4880" NA
"4880" "4880"
"4881" NA
"4881" "4881"
"4882" NA
"4882" "4882"
"4883" NA
"4883" "4883"
"4884" NA
"4884" "4884"
"4885" NA
"4885" "4885"
"4892" NA
"4892" "4892"
"4893" NA
"4893" "4893"
"4894" NA
"4894" "4894"
"4895" NA
"4895" "4895"
"4896" NA
"4896" "4896"
"4897" NA
"4897" "4897"
"4899" NA
"4899" "4899"
"4900" NA
"4900" "4900"
"4901" NA
"4901" "4901"
"4902" NA
"4902" "4902"
"4903" NA
"4903" "4903"
"4904" NA
"4904" "4904"
"4905" NA
"4905" "4905"
"4906" NA
"4906" "4906"
"4907" NA
"4907" "4907"
"4908" NA
"4908" "4908"
"4909" NA
"4909" "4909"
"4910" NA
"4910" "4910"
"4911" NA
"4911" "4911"
"4912" NA
"4912" "4912"
"4914" NA
"4914" "4914"
"4917" NA
"4917" "4917"
"4918" NA
"4918" "4918"
"4920" NA
"4920" "4920"
"4921" NA
"4921" "4921"
"4924" NA
"4924" "4924"
"4925" NA
"4925" "4925"
"4926" NA
"4926" "4926"
"4928" NA
"4928" "4928"
"4929" NA
"4929" "4929"
"4930" NA
"4930" "4930"
"4931" NA
"4931" "4931"
"4932" NA
"4932" "4932"
"4933" NA
"4933" "4933"
"4934" "#-cruel"
"4935" NA
"4935" "4935"
"4936" NA
"4936" "4936"
"4937" NA
"4937" "4937"
"4939" NA
"4939" "4939"
"4940" NA
"4940" "4940"
"4941" NA
"4941" "4941"
"4942" NA
"4942" "4942"
"4943" NA
"4943" "4943"
"4944" NA
"4944" "4944"
"4945" NA
"4945" "4945"
"4946" NA
"4946" "4946"
"4947" NA
"4947" "4947"
"4948" NA
"4948" "4948"
"4949" NA
"4949" "4949"
"4950" NA
"4950" "4950"
"4951" NA
"4951" "4951"
"4952" NA
"4952" "4952"
"4953" NA
"4953" "4953"
"4954" NA
"4954" "4954"
"4956" NA
"4956" "4956"
"4957" NA
"4957" "4957"
"4958" NA
"4958" "4958"
"4960" NA
"4960" "4960"
"4961" NA
"4961" "4961"
"4963" NA
"4963" "4963"
"4964" NA
"4964" "4964"
"4966" NA
"4966" "4966"
"4968" NA
"4968" "4968"
"4969" NA
"4969" "4969"
"4970" NA
"4970" "4970"
"4971" NA
"4971" "4971"
"4974" NA
"4974" "4974"
"4975" NA
"4975" "4975"
"4976" NA
"4976" "4976"
"4977" NA
"4977" "4977"
"4978" NA
"4978" "4978"
"4980" NA
"4980" "4980"
"4984" "modest"
"4985" NA
"4985" "4985"
"4986" NA
"4986" "4986"
"4988" NA
"4988" "4988"
"4990" NA
"4990" "4990"
"4991" NA
"4991" "4991"
"4992" NA
"4992" "4992"
"4993" NA
"4993" "4993"
"4994" NA
"4994" "4994"
"4996" NA
"4996" "4996"
"4997" NA
"4997" "4997"
"4998" NA
"4998" "4998"
"4999" NA
"4999" "4999"
"5001" NA
"5001" "5001"
"5003" NA
"5003" "5003"
"5004" NA
"5004" "5004"
"5005" NA
"5005" "5005"
"5006" NA
"5006" "5006"
"5009" NA
"5009" "5009"
"5010" NA
"5010" "5010"
"5011" NA
"5011" "5011"
"5013" NA
"5013" "5013"
"5015" NA
"5015" "5015"
"5016" NA
"5016" "5016"
"5018" NA
"5018" "5018"
"5019" NA
"5019" "5019"
"5020" NA
"5020" "5020"
"5021" NA
"5021" "5021"
"5022" NA
"5022" "5022"
"5023" NA
"5023" "5023"
"5024" NA
"5024" "5024"
"5025" NA
"5025" "5025"
"5026" NA
"5026" "5026"
"5027" NA
"5027" "5027"
"5029" NA
"5029" "5029"
"5032" NA
"5032" "5032"
"5033" NA
"5033" "5033"
"5034" NA
"5034" "5034"
"5038" NA
"5038" "5038"
"5040" NA
"5040" "5040"
"5042" NA
"5042" "5042"
"5044" NA
"5044" "5044"
"5045" NA
"5045" "5045"
"5046" NA
"5046" "5046"
"5047" NA
"5047" "5047"
"5048" NA
"5048" "5048"
"5049" NA
"5049" "5049"
"5050" NA
"5050" "5050"
"5053" NA
"5053" "5053"
"5054" NA
"5054" "5054"
"5055" NA
"5055" "5055"
"5059" NA
"5059" "5059"
"5060" NA
"5060" "5060"
"5061" "terrific"
"5062" NA
"5062" "5062"
"5063" NA
"5063" "5063"
"5064" NA
"5064" "5064"
"5065" NA
"5065" "5065"
"5066" NA
"5066" "5066"
"5068" NA
"5068" "5068"
"5069" NA
"5069" "5069"
"5070" NA
"5070" "5070"
"5071" NA
"5071" "5071"
"5072" NA
"5072" "5072"
"5073" NA
"5073" "5073"
"5074" NA
"5074" "5074"
"5078" NA
"5078" "5078"
"5079" NA
"5079" "5079"
"5080" "unemployed"
"5085" NA
"5085" "5085"
"5086" NA
"5086" "5086"
"5087" NA
"5087" "5087"
"5088" NA
"5088" "5088"
"5089" NA
"5089" "5089"
"5090" NA
"5090" "5090"
"5091" NA
"5091" "5091"
"5092" NA
"5092" "5092"
"5093" NA
"5093" "5093"
"5095" NA
"5095" "5095"
"5096" NA
"5096" "5096"
"5097" NA
"5097" "5097"
"5098" NA
"5098" "5098"
"5099" NA
"5099" "5099"
"5100" NA
"5100" "5100"
"5101" NA
"5101" "5101"
"5102" NA
"5102" "5102"
"5104" NA
"5104" "5104"
"5105" NA
"5105" "5105"
"5107" NA
"5107" "5107"
"5108" NA
"5108" "5108"
"5109" NA
"5109" "5109"
"5110" NA
"5110" "5110"
"5111" NA
"5111" "5111"
"5112" NA
"5112" "5112"
"5113" NA
"5113" "5113"
"5114" NA
"5114" "5114"
"5115" NA
"5115" "5115"
"5116" NA
"5116" "5116"
"5117" NA
"5117" "5117"
"5118" NA
"5118" "5118"
"5120" NA
"5120" "5120"
"5124" NA
"5124" "5124"
"5126" NA
"5126" "5126"
"5127" NA
"5127" "5127"
"5128" "gifted"
"5130" NA
"5130" "5130"
"5131" NA
"5131" "5131"
"5134" NA
"5134" "5134"
"5138" NA
"5138" "5138"
"5139" NA
"5139" "5139"
"5140" NA
"5140" "5140"
"5142" NA
"5142" "5142"
"5143" NA
"5143" "5143"
"5144" NA
"5144" "5144"
"5145" NA
"5145" "5145"
"5146" NA
"5146" "5146"
"5147" NA
"5147" "5147"
"5148" NA
"5148" "5148"
"5149" NA
"5149" "5149"
"5150" NA
"5150" "5150"
"5152" NA
"5152" "5152"
"5155" NA
"5155" "5155"
"5157" NA
"5157" "5157"
"5158" NA
"5158" "5158"
"5159" NA
"5159" "5159"
"5161" NA
"5161" "5161"
"5162" NA
"5162" "5162"
"5163" NA
"5163" "5163"
"5165" NA
"5165" "5165"
"5166" NA
"5166" "5166"
"5167" NA
"5167" "5167"
"5168" NA
"5168" "5168"
"5169" NA
"5169" "5169"
"5170" NA
"5170" "5170"
"5171" NA
"5171" "5171"
"5172" NA
"5172" "5172"
"5175" "#-fine"
"5177" NA
"5177" "5177"
"5178" "talented"
"5179" NA
"5179" "5179"
"5180" NA
"5180" "5180"
"5181" NA
"5181" "5181"
"5182" NA
"5182" "5182"
"5183" NA
"5183" "5183"
"5184" NA
"5184" "5184"
"5185" NA
"5185" "5185"
"5187" NA
"5187" "5187"
"5188" NA
"5188" "5188"
"5189" NA
"5189" "5189"
"5190" NA
"5190" "5190"
"5191" NA
"5191" "5191"
"5192" NA
"5192" "5192"
"5193" NA
"5193" "5193"
"5194" NA
"5194" "5194"
"5195" NA
"5195" "5195"
"5196" NA
"5196" "5196"
"5197" NA
"5197" "5197"
"5198" NA
"5198" "5198"
"5199" NA
"5199" "5199"
"5200" NA
"5200" "5200"
"5201" NA
"5201" "5201"
"5202" NA
"5202" "5202"
"5203" NA
"5203" "5203"
"5204" NA
"5204" "5204"
"5205" NA
"5205" "5205"
"5206" NA
"5206" "5206"
"5208" NA
"5208" "5208"
"5209" NA
"5209" "5209"
"5210" NA
"5210" "5210"
"5211" NA
"5211" "5211"
"5213" NA
"5213" "5213"
"5214" NA
"5214" "5214"
"5215" NA
"5215" "5215"
"5217" NA
"5217" "5217"
"5218" NA
"5218" "5218"
"5219" NA
"5219" "5219"
"5221" NA
"5221" "5221"
"5222" NA
"5222" "5222"
"5223" NA
"5223" "5223"
"5226" "interested"
"5227" NA
"5227" "5227"
"5228" NA
"5228" "5228"
"5229" NA
"5229" "5229"
"5231" NA
"5231" "5231"
"5233" NA
"5233" "5233"
"5234" NA
"5234" "5234"
"5236" NA
"5236" "5236"
"5237" NA
"5237" "5237"
"5238" NA
"5238" "5238"
"5239" NA
"5239" "5239"
"5240" NA
"5240" "5240"
"5242" NA
"5242" "5242"
"5243" NA
"5243" "5243"
"5246" NA
"5246" "5246"
"5248" NA
"5248" "5248"
"5249" NA
"5249" "5249"
"5252" NA
"5252" "5252"
"5253" NA
"5253" "5253"
"5254" NA
"5254" "5254"
"5255" NA
"5255" "5255"
"5258" NA
"5258" "5258"
"5259" NA
"5259" "5259"
"5260" NA
"5260" "5260"
"5263" NA
"5263" "5263"
"5264" NA
"5264" "5264"
"5265" NA
"5265" "5265"
"5267" NA
"5267" "5267"
"5268" NA
"5268" "5268"
"5270" NA
"5270" "5270"
"5271" NA
"5271" "5271"
"5272" NA
"5272" "5272"
"5273" NA
"5273" "5273"
"5274" NA
"5274" "5274"
"5275" NA
"5275" "5275"
"5276" NA
"5276" "5276"
"5277" NA
"5277" "5277"
"5278" NA
"5278" "5278"
"5279" NA
"5279" "5279"
"5280" NA
"5280" "5280"
"5281" NA
"5281" "5281"
"5283" NA
"5283" "5283"
"5284" NA
"5284" "5284"
"5285" NA
"5285" "5285"
"5288" "social"
"5289" NA
"5289" "5289"
"5290" NA
"5290" "5290"
"5291" NA
"5291" "5291"
"5292" NA
"5292" "5292"
"5293" NA
"5293" "5293"
"5294" NA
"5294" "5294"
"5296" NA
"5296" "5296"
"5297" NA
"5297" "5297"
"5298" "pathetic"
"5301" NA
"5301" "5301"
"5302" NA
"5302" "5302"
"5303" "#-afraid"
"5304" NA
"5304" "5304"
"5305" NA
"5305" "5305"
"5306" NA
"5306" "5306"
"5307" NA
"5307" "5307"
"5308" NA
"5308" "5308"
"5309" NA
"5309" "5309"
"5310" NA
"5310" "5310"
"5311" NA
"5311" "5311"
"5315" NA
"5315" "5315"
"5317" NA
"5317" "5317"
"5318" NA
"5318" "5318"
"5320" "patient"
"5321" NA
"5321" "5321"
"5322" NA
"5322" "5322"
"5323" NA
"5323" "5323"
"5324" NA
"5324" "5324"
"5326" NA
"5326" "5326"
"5329" NA
"5329" "5329"
"5330" NA
"5330" "5330"
"5331" NA
"5331" "5331"
"5332" NA
"5332" "5332"
"5333" NA
"5333" "5333"
"5334" NA
"5334" "5334"
"5335" NA
"5335" "5335"
"5336" NA
"5336" "5336"
"5337" NA
"5337" "5337"
"5338" NA
"5338" "5338"
"5339" NA
"5339" "5339"
"5340" NA
"5340" "5340"
"5341" "successful"
"5343" NA
"5343" "5343"
"5344" NA
"5344" "5344"
"5345" NA
"5345" "5345"
"5346" NA
"5346" "5346"
"5347" NA
"5347" "5347"
"5348" NA
"5348" "5348"
"5349" NA
"5349" "5349"
"5350" NA
"5350" "5350"
"5351" NA
"5351" "5351"
"5352" NA
"5352" "5352"
"5353" NA
"5353" "5353"
"5354" NA
"5354" "5354"
"5356" NA
"5356" "5356"
"5357" NA
"5357" "5357"
"5360" NA
"5360" "5360"
"5361" NA
"5361" "5361"
"5362" NA
"5362" "5362"
"5363" NA
"5363" "5363"
"5364" NA
"5364" "5364"
"5366" NA
"5366" "5366"
"5367" NA
"5367" "5367"
"5368" NA
"5368" "5368"
"5369" NA
"5369" "5369"
"5370" NA
"5370" "5370"
"5371" NA
"5371" "5371"
"5372" NA
"5372" "5372"
"5373" NA
"5373" "5373"
"5374" NA
"5374" "5374"
"5375" NA
"5375" "5375"
"5376" NA
"5376" "5376"
"5378" NA
"5378" "5378"
"5380" NA
"5380" "5380"
"5381" NA
"5381" "5381"
"5382" NA
"5382" "5382"
"5383" NA
"5383" "5383"
"5385" NA
"5385" "5385"
"5387" NA
"5387" "5387"
"5388" NA
"5388" "5388"
"5389" NA
"5389" "5389"
"5390" NA
"5390" "5390"
"5391" NA
"5391" "5391"
"5393" NA
"5393" "5393"
"5395" NA
"5395" "5395"
"5396" NA
"5396" "5396"
"5397" NA
"5397" "5397"
"5398" NA
"5398" "5398"
"5399" NA
"5399" "5399"
"5401" NA
"5401" "5401"
"5402" NA
"5402" "5402"
"5403" NA
"5403" "5403"
"5404" NA
"5404" "5404"
"5405" NA
"5405" "5405"
"5406" NA
"5406" "5406"
"5407" NA
"5407" "5407"
"5408" NA
"5408" "5408"
"5409" NA
"5409" "5409"
"5410" NA
"5410" "5410"
"5413" NA
"5413" "5413"
"5414" NA
"5414" "5414"
"5415" NA
"5415" "5415"
"5416" NA
"5416" "5416"
"5417" NA
"5417" "5417"
"5418" NA
"5418" "5418"
"5419" NA
"5419" "5419"
"5420" NA
"5420" "5420"
"5422" NA
"5422" "5422"
"5424" NA
"5424" "5424"
"5425" NA
"5425" "5425"
"5426" NA
"5426" "5426"
"5428" NA
"5428" "5428"
"5430" NA
"5430" "5430"
"5431" NA
"5431" "5431"
"5432" NA
"5432" "5432"
"5433" NA
"5433" "5433"
"5434" NA
"5434" "5434"
"5435" NA
"5435" "5435"
"5436" NA
"5436" "5436"
"5437" NA
"5437" "5437"
"5438" NA
"5438" "5438"
"5441" NA
"5441" "5441"
"5442" NA
"5442" "5442"
"5445" NA
"5445" "5445"
"5446" NA
"5446" "5446"
"5447" NA
"5447" "5447"
"5448" NA
"5448" "5448"
"5451" NA
"5451" "5451"
"5452" NA
"5452" "5452"
"5454" NA
"5454" "5454"
"5455" NA
"5455" "5455"
"5456" NA
"5456" "5456"
"5457" NA
"5457" "5457"
"5458" NA
"5458" "5458"
"5460" "reckless"
"5462" NA
"5462" "5462"
"5463" NA
"5463" "5463"
"5465" NA
"5465" "5465"
"5466" NA
"5466" "5466"
"5467" NA
"5467" "5467"
"5468" NA
"5468" "5468"
"5469" NA
"5469" "5469"
"5470" NA
"5470" "5470"
"5471" NA
"5471" "5471"
"5473" NA
"5473" "5473"
"5474" NA
"5474" "5474"
"5475" NA
"5475" "5475"
"5476" NA
"5476" "5476"
"5477" NA
"5477" "5477"
"5478" NA
"5478" "5478"
"5479" NA
"5479" "5479"
"5480" NA
"5480" "5480"
"5481" NA
"5481" "5481"
"5482" NA
"5482" "5482"
"5483" NA
"5483" "5483"
"5484" NA
"5484" "5484"
"5486" NA
"5486" "5486"
"5487" NA
"5487" "5487"
"5488" NA
"5488" "5488"
"5489" NA
"5489" "5489"
"5490" NA
"5490" "5490"
"5491" NA
"5491" "5491"
"5492" NA
"5492" "5492"
"5493" NA
"5493" "5493"
"5494" NA
"5494" "5494"
"5497" NA
"5497" "5497"
"5499" NA
"5499" "5499"
"5500" NA
"5500" "5500"
"5501" NA
"5501" "5501"
"5503" NA
"5503" "5503"
"5504" NA
"5504" "5504"
"5505" NA
"5505" "5505"
"5506" NA
"5506" "5506"
"5507" NA
"5507" "5507"
"5508" "attentive"
"5509" NA
"5509" "5509"
"5514" NA
"5514" "5514"
"5515" NA
"5515" "5515"
"5516" NA
"5516" "5516"
"5517" NA
"5517" "5517"
"5518" NA
"5518" "5518"
"5519" NA
"5519" "5519"
"5521" NA
"5521" "5521"
"5522" NA
"5522" "5522"
"5524" NA
"5524" "5524"
"5525" NA
"5525" "5525"
"5526" NA
"5526" "5526"
"5527" NA
"5527" "5527"
"5529" NA
"5529" "5529"
"5530" NA
"5530" "5530"
"5531" NA
"5531" "5531"
"5533" NA
"5533" "5533"
"5535" NA
"5535" "5535"
"5536" NA
"5536" "5536"
"5537" NA
"5537" "5537"
"5538" NA
"5538" "5538"
"5541" NA
"5541" "5541"
"5542" NA
"5542" "5542"
"5545" NA
"5545" "5545"
"5547" NA
"5547" "5547"
"5548" NA
"5548" "5548"
"5549" NA
"5549" "5549"
"5550" NA
"5550" "5550"
"5551" NA
"5551" "5551"
"5552" NA
"5552" "5552"
"5553" NA
"5553" "5553"
"5554" NA
"5554" "5554"
"5555" NA
"5555" "5555"
"5556" NA
"5556" "5556"
"5557" NA
"5557" "5557"
"5558" NA
"5558" "5558"
"5559" NA
"5559" "5559"
"5560" NA
"5560" "5560"
"5563" NA
"5563" "5563"
"5564" NA
"5564" "5564"
"5565" NA
"5565" "5565"
"5566" NA
"5566" "5566"
"5568" NA
"5568" "5568"
"5570" NA
"5570" "5570"
"5571" NA
"5571" "5571"
"5572" NA
"5572" "5572"
"5573" NA
"5573" "5573"
"5574" NA
"5574" "5574"
"5575" NA
"5575" "5575"
"5576" NA
"5576" "5576"
"5577" NA
"5577" "5577"
"5578" NA
"5578" "5578"
"5580" NA
"5580" "5580"
"5581" NA
"5581" "5581"
"5583" NA
"5583" "5583"
"5585" NA
"5585" "5585"
"5586" NA
"5586" "5586"
"5588" NA
"5588" "5588"
"5589" NA
"5589" "5589"
"5590" NA
"5590" "5590"
"5591" NA
"5591" "5591"
"5592" NA
"5592" "5592"
"5593" NA
"5593" "5593"
"5594" NA
"5594" "5594"
"5595" NA
"5595" "5595"
"5596" NA
"5596" "5596"
"5597" NA
"5597" "5597"
"5598" NA
"5598" "5598"
"5599" NA
"5599" "5599"
"5601" NA
"5601" "5601"
"5602" NA
"5602" "5602"
"5603" NA
"5603" "5603"
"5604" NA
"5604" "5604"
"5605" NA
"5605" "5605"
"5606" NA
"5606" "5606"
"5609" NA
"5609" "5609"
"5610" NA
"5610" "5610"
"5612" NA
"5612" "5612"
"5615" NA
"5615" "5615"
"5616" NA
"5616" "5616"
"5617" NA
"5617" "5617"
"5618" NA
"5618" "5618"
"5620" NA
"5620" "5620"
"5622" NA
"5622" "5622"
"5624" NA
"5624" "5624"
"5625" "amazing"
"5626" NA
"5626" "5626"
"5627" NA
"5627" "5627"
"5628" NA
"5628" "5628"
"5629" NA
"5629" "5629"
"5630" NA
"5630" "5630"
"5631" NA
"5631" "5631"
"5633" NA
"5633" "5633"
"5635" "satisfied"
"5636" NA
"5636" "5636"
"5637" NA
"5637" "5637"
"5638" NA
"5638" "5638"
"5639" NA
"5639" "5639"
"5640" NA
"5640" "5640"
"5648" NA
"5648" "5648"
"5649" "sleepy"
"5651" NA
"5651" "5651"
"5652" NA
"5652" "5652"
"5653" NA
"5653" "5653"
"5654" NA
"5654" "5654"
"5655" NA
"5655" "5655"
"5656" NA
"5656" "5656"
"5657" NA
"5657" "5657"
"5658" "generous"
"5660" NA
"5660" "5660"
"5661" NA
"5661" "5661"
"5663" NA
"5663" "5663"
"5664" NA
"5664" "5664"
"5665" NA
"5665" "5665"
"5666" NA
"5666" "5666"
"5667" NA
"5667" "5667"
"5668" NA
"5668" "5668"
"5669" NA
"5669" "5669"
"5670" NA
"5670" "5670"
"5671" NA
"5671" "5671"
"5672" NA
"5672" "5672"
"5674" NA
"5674" "5674"
"5675" NA
"5675" "5675"
"5676" NA
"5676" "5676"
"5677" NA
"5677" "5677"
"5678" NA
"5678" "5678"
"5679" NA
"5679" "5679"
"5680" NA
"5680" "5680"
"5681" NA
"5681" "5681"
"5682" NA
"5682" "5682"
"5684" NA
"5684" "5684"
"5686" NA
"5686" "5686"
"5688" "motherly"
"5689" NA
"5689" "5689"
"5690" NA
"5690" "5690"
"5691" NA
"5691" "5691"
"5692" NA
"5692" "5692"
"5693" NA
"5693" "5693"
"5694" NA
"5694" "5694"
"5695" NA
"5695" "5695"
"5696" NA
"5696" "5696"
"5698" NA
"5698" "5698"
"5700" NA
"5700" "5700"
"5701" NA
"5701" "5701"
"5702" NA
"5702" "5702"
"5703" NA
"5703" "5703"
"5704" NA
"5704" "5704"
"5706" NA
"5706" "5706"
"5707" NA
"5707" "5707"
"5708" NA
"5708" "5708"
"5710" NA
"5710" "5710"
"5712" NA
"5712" "5712"
"5713" NA
"5713" "5713"
"5715" NA
"5715" "5715"
"5716" NA
"5716" "5716"
"5718" NA
"5718" "5718"
"5719" NA
"5719" "5719"
"5720" NA
"5720" "5720"
"5721" NA
"5721" "5721"
"5722" NA
"5722" "5722"
"5723" NA
"5723" "5723"
"5725" NA
"5725" "5725"
"5728" NA
"5728" "5728"
"5729" NA
"5729" "5729"
"5731" NA
"5731" "5731"
"5732" NA
"5732" "5732"
"5733" NA
"5733" "5733"
"5734" NA
"5734" "5734"
"5735" NA
"5735" "5735"
"5736" NA
"5736" "5736"
"5737" NA
"5737" "5737"
"5738" NA
"5738" "5738"
"5739" NA
"5739" "5739"
"5740" NA
"5740" "5740"
"5741" NA
"5741" "5741"
"5742" NA
"5742" "5742"
"5745" NA
"5745" "5745"
"5746" NA
"5746" "5746"
"5747" NA
"5747" "5747"
"5748" NA
"5748" "5748"
"5749" NA
"5749" "5749"
"5750" NA
"5750" "5750"
"5751" NA
"5751" "5751"
"5753" NA
"5753" "5753"
"5754" NA
"5754" "5754"
"5755" NA
"5755" "5755"
"5756" NA
"5756" "5756"
"5757" NA
"5757" "5757"
"5758" NA
"5758" "5758"
"5759" NA
"5759" "5759"
"5760" NA
"5760" "5760"
"5761" NA
"5761" "5761"
"5762" NA
"5762" "5762"
"5763" NA
"5763" "5763"
"5765" NA
"5765" "5765"
"5766" NA
"5766" "5766"
"5767" NA
"5767" "5767"
"5770" NA
"5770" "5770"
"5771" NA
"5771" "5771"
"5773" NA
"5773" "5773"
"5774" NA
"5774" "5774"
"5776" "intellectual"
"5777" "ambitious"
"5778" NA
"5778" "5778"
"5779" NA
"5779" "5779"
"5780" NA
"5780" "5780"
"5781" NA
"5781" "5781"
"5782" NA
"5782" "5782"
"5783" NA
"5783" "5783"
"5785" NA
"5785" "5785"
"5788" NA
"5788" "5788"
"5789" NA
"5789" "5789"
"5790" NA
"5790" "5790"
"5791" NA
"5791" "5791"
"5792" NA
"5792" "5792"
"5794" NA
"5794" "5794"
"5795" NA
"5795" "5795"
"5796" NA
"5796" "5796"
"5798" NA
"5798" "5798"
"5799" NA
"5799" "5799"
"5801" NA
"5801" "5801"
"5802" NA
"5802" "5802"
"5803" NA
"5803" "5803"
"5804" NA
"5804" "5804"
"5805" NA
"5805" "5805"
"5806" NA
"5806" "5806"
"5807" NA
"5807" "5807"
"5809" NA
"5809" "5809"
"5810" NA
"5810" "5810"
"5811" NA
"5811" "5811"
"5812" NA
"5812" "5812"
"5813" NA
"5813" "5813"
"5815" NA
"5815" "5815"
"5816" NA
"5816" "5816"
"5817" NA
"5817" "5817"
"5818" NA
"5818" "5818"
"5821" NA
"5821" "5821"
"5822" NA
"5822" "5822"
"5823" NA
"5823" "5823"
"5824" NA
"5824" "5824"
"5825" NA
"5825" "5825"
"5827" NA
"5827" "5827"
"5828" NA
"5828" "5828"
"5829" NA
"5829" "5829"
"5832" NA
"5832" "5832"
"5833" NA
"5833" "5833"
"5835" NA
"5835" "5835"
"5836" NA
"5836" "5836"
"5838" NA
"5838" "5838"
"5839" NA
"5839" "5839"
"5840" NA
"5840" "5840"
"5841" NA
"5841" "5841"
"5842" NA
"5842" "5842"
"5843" NA
"5843" "5843"
"5844" NA
"5844" "5844"
"5846" NA
"5846" "5846"
"5847" NA
"5847" "5847"
"5849" NA
"5849" "5849"
"5850" "#-agreeable"
"5851" NA
"5851" "5851"
"5852" NA
"5852" "5852"
"5853" NA
"5853" "5853"
"5854" NA
"5854" "5854"
"5857" NA
"5857" "5857"
"5858" NA
"5858" "5858"
"5859" "competent"
"5861" NA
"5861" "5861"
"5862" NA
"5862" "5862"
"5863" NA
"5863" "5863"
"5865" NA
"5865" "5865"
"5866" NA
"5866" "5866"
"5867" NA
"5867" "5867"
"5869" NA
"5869" "5869"
"5870" NA
"5870" "5870"
"5871" NA
"5871" "5871"
"5872" NA
"5872" "5872"
"5873" NA
"5873" "5873"
"5874" NA
"5874" "5874"
"5876" NA
"5876" "5876"
"5877" NA
"5877" "5877"
"5878" NA
"5878" "5878"
"5880" NA
"5880" "5880"
"5881" NA
"5881" "5881"
"5882" NA
"5882" "5882"
"5883" NA
"5883" "5883"
"5884" NA
"5884" "5884"
"5885" NA
"5885" "5885"
"5886" NA
"5886" "5886"
"5887" NA
"5887" "5887"
"5889" NA
"5889" "5889"
"5890" NA
"5890" "5890"
"5891" NA
"5891" "5891"
"5892" NA
"5892" "5892"
"5893" NA
"5893" "5893"
"5894" NA
"5894" "5894"
"5896" NA
"5896" "5896"
"5897" NA
"5897" "5897"
"5899" NA
"5899" "5899"
"5902" NA
"5902" "5902"
"5903" NA
"5903" "5903"
"5904" NA
"5904" "5904"
"5905" NA
"5905" "5905"
"5906" NA
"5906" "5906"
"5907" NA
"5907" "5907"
"5908" NA
"5908" "5908"
"5910" NA
"5910" "5910"
"5911" NA
"5911" "5911"
"5912" NA
"5912" "5912"
"5913" NA
"5913" "5913"
"5914" NA
"5914" "5914"
"5915" NA
"5915" "5915"
"5916" NA
"5916" "5916"
"5917" NA
"5917" "5917"
"5918" NA
"5918" "5918"
"5920" NA
"5920" "5920"
"5921" NA
"5921" "5921"
"5923" NA
"5923" "5923"
"5925" NA
"5925" "5925"
"5926" NA
"5926" "5926"
"5927" NA
"5927" "5927"
"5928" NA
"5928" "5928"
"5929" NA
"5929" "5929"
"5930" NA
"5930" "5930"
"5931" NA
"5931" "5931"
"5932" NA
"5932" "5932"
"5933" NA
"5933" "5933"
"5935" NA
"5935" "5935"
"5936" NA
"5936" "5936"
"5937" NA
"5937" "5937"
"5938" NA
"5938" "5938"
"5939" "insulting"
"5940" NA
"5940" "5940"
"5941" NA
"5941" "5941"
"5944" NA
"5944" "5944"
"5946" NA
"5946" "5946"
"5947" NA
"5947" "5947"
"5948" NA
"5948" "5948"
"5949" NA
"5949" "5949"
"5950" NA
"5950" "5950"
"5951" NA
"5951" "5951"
"5952" NA
"5952" "5952"
"5953" NA
"5953" "5953"
"5954" NA
"5954" "5954"
"5955" NA
"5955" "5955"
"5956" NA
"5956" "5956"
"5957" NA
"5957" "5957"
"5960" NA
"5960" "5960"
"5961" NA
"5961" "5961"
"5962" NA
"5962" "5962"
"5963" NA
"5963" "5963"
"5964" NA
"5964" "5964"
"5965" NA
"5965" "5965"
"5966" NA
"5966" "5966"
"5967" NA
"5967" "5967"
"5968" NA
"5968" "5968"
"5969" NA
"5969" "5969"
"5970" NA
"5970" "5970"
"5972" NA
"5972" "5972"
"5973" NA
"5973" "5973"
"5974" NA
"5974" "5974"
"5975" NA
"5975" "5975"
"5976" NA
"5976" "5976"
"5977" NA
"5977" "5977"
"5978" NA
"5978" "5978"
"5979" NA
"5979" "5979"
"5980" NA
"5980" "5980"
"5982" NA
"5982" "5982"
"5983" NA
"5983" "5983"
"5984" NA
"5984" "5984"
"5985" NA
"5985" "5985"
"5986" NA
"5986" "5986"
"5987" NA
"5987" "5987"
"5988" NA
"5988" "5988"
"5990" NA
"5990" "5990"
"5992" NA
"5992" "5992"
"5993" NA
"5993" "5993"
"5994" NA
"5994" "5994"
"5995" NA
"5995" "5995"
"5996" NA
"5996" "5996"
"5997" NA
"5997" "5997"
"5998" NA
"5998" "5998"
"5999" NA
"5999" "5999"
"6000" NA
"6000" "6000"
"6001" NA
"6001" "6001"
"6002" NA
"6002" "6002"
"6005" NA
"6005" "6005"
"6006" NA
"6006" "6006"
"6007" NA
"6007" "6007"
"6009" NA
"6009" "6009"
"6010" NA
"6010" "6010"
"6011" NA
"6011" "6011"
"6012" NA
"6012" "6012"
"6014" NA
"6014" "6014"
"6015" NA
"6015" "6015"
"6016" NA
"6016" "6016"
"6017" NA
"6017" "6017"
"6019" NA
"6019" "6019"
"6020" NA
"6020" "6020"
"6021" NA
"6021" "6021"
"6022" NA
"6022" "6022"
"6023" NA
"6023" "6023"
"6024" NA
"6024" "6024"
"6025" NA
"6025" "6025"
"6026" NA
"6026" "6026"
"6027" NA
"6027" "6027"
"6028" NA
"6028" "6028"
"6030" NA
"6030" "6030"
"6032" NA
"6032" "6032"
"6033" NA
"6033" "6033"
"6034" NA
"6034" "6034"
"6036" NA
"6036" "6036"
"6037" NA
"6037" "6037"
"6038" NA
"6038" "6038"
"6039" NA
"6039" "6039"
"6040" NA
"6040" "6040"
"6041" NA
"6041" "6041"
"6042" NA
"6042" "6042"
"6043" NA
"6043" "6043"
"6045" NA
"6045" "6045"
"6047" NA
"6047" "6047"
"6048" NA
"6048" "6048"
"6049" NA
"6049" "6049"
"6050" NA
"6050" "6050"
"6052" NA
"6052" "6052"
"6054" NA
"6054" "6054"
"6055" NA
"6055" "6055"
"6056" NA
"6056" "6056"
"6057" NA
"6057" "6057"
"6058" NA
"6058" "6058"
"6059" NA
"6059" "6059"
"6060" NA
"6060" "6060"
"6061" NA
"6061" "6061"
"6062" NA
"6062" "6062"
"6063" NA
"6063" "6063"
"6065" NA
"6065" "6065"
"6066" NA
"6066" "6066"
"6067" NA
"6067" "6067"
"6069" NA
"6069" "6069"
"6070" NA
"6070" "6070"
"6071" NA
"6071" "6071"
"6072" NA
"6072" "6072"
"6073" NA
"6073" "6073"
"6074" "wise"
"6075" NA
"6075" "6075"
"6077" NA
"6077" "6077"
"6078" NA
"6078" "6078"
"6079" NA
"6079" "6079"
"6081" NA
"6081" "6081"
"6082" NA
"6082" "6082"
"6083" NA
"6083" "6083"
"6087" NA
"6087" "6087"
"6090" NA
"6090" "6090"
"6091" NA
"6091" "6091"
"6092" NA
"6092" "6092"
"6094" NA
"6094" "6094"
"6095" NA
"6095" "6095"
"6096" NA
"6096" "6096"
"6097" NA
"6097" "6097"
"6098" NA
"6098" "6098"
"6099" NA
"6099" "6099"
"6100" NA
"6100" "6100"
"6101" NA
"6101" "6101"
"6102" NA
"6102" "6102"
"6104" NA
"6104" "6104"
"6105" NA
"6105" "6105"
"6106" NA
"6106" "6106"
"6107" NA
"6107" "6107"
"6109" NA
"6109" "6109"
"6110" NA
"6110" "6110"
"6111" NA
"6111" "6111"
"6113" NA
"6113" "6113"
"6114" NA
"6114" "6114"
"6115" NA
"6115" "6115"
"6117" NA
"6117" "6117"
"6118" NA
"6118" "6118"
"6119" NA
"6119" "6119"
"6121" NA
"6121" "6121"
"6122" "hostile"
"6123" NA
"6123" "6123"
"6124" NA
"6124" "6124"
"6126" NA
"6126" "6126"
"6128" NA
"6128" "6128"
"6129" NA
"6129" "6129"
"6130" NA
"6130" "6130"
"6131" NA
"6131" "6131"
"6132" NA
"6132" "6132"
"6133" NA
"6133" "6133"
"6134" NA
"6134" "6134"
"6135" NA
"6135" "6135"
"6136" NA
"6136" "6136"
"6137" NA
"6137" "6137"
"6138" NA
"6138" "6138"
"6139" NA
"6139" "6139"
"6143" NA
"6143" "6143"
"6144" NA
"6144" "6144"
"6146" NA
"6146" "6146"
"6147" NA
"6147" "6147"
"6148" NA
"6148" "6148"
"6149" NA
"6149" "6149"
"6150" NA
"6150" "6150"
"6151" NA
"6151" "6151"
"6152" NA
"6152" "6152"
"6156" NA
"6156" "6156"
"6157" NA
"6157" "6157"
"6158" NA
"6158" "6158"
"6161" NA
"6161" "6161"
"6162" NA
"6162" "6162"
"6164" NA
"6164" "6164"
"6165" NA
"6165" "6165"
"6166" NA
"6166" "6166"
"6167" NA
"6167" "6167"
"6168" NA
"6168" "6168"
"6169" NA
"6169" "6169"
"6170" NA
"6170" "6170"
"6172" "disappointed"
"6174" NA
"6174" "6174"
"6175" NA
"6175" "6175"
"6176" NA
"6176" "6176"
"6177" NA
"6177" "6177"
"6178" NA
"6178" "6178"
"6179" NA
"6179" "6179"
"6181" NA
"6181" "6181"
"6182" NA
"6182" "6182"
"6184" NA
"6184" "6184"
"6185" NA
"6185" "6185"
"6186" NA
"6186" "6186"
"6187" NA
"6187" "6187"
"6188" NA
"6188" "6188"
"6189" NA
"6189" "6189"
"6190" NA
"6190" "6190"
"6191" NA
"6191" "6191"
"6194" NA
"6194" "6194"
"6195" NA
"6195" "6195"
"6196" NA
"6196" "6196"
"6198" NA
"6198" "6198"
"6199" NA
"6199" "6199"
"6200" NA
"6200" "6200"
"6201" NA
"6201" "6201"
"6204" NA
"6204" "6204"
"6205" NA
"6205" "6205"
"6206" NA
"6206" "6206"
"6207" NA
"6207" "6207"
"6208" NA
"6208" "6208"
"6209" NA
"6209" "6209"
"6210" NA
"6210" "6210"
"6212" NA
"6212" "6212"
"6213" NA
"6213" "6213"
"6215" NA
"6215" "6215"
"6216" NA
"6216" "6216"
"6217" NA
"6217" "6217"
"6218" NA
"6218" "6218"
"6219" NA
"6219" "6219"
"6220" NA
"6220" "6220"
"6222" NA
"6222" "6222"
"6225" NA
"6225" "6225"
"6226" NA
"6226" "6226"
"6227" NA
"6227" "6227"
"6228" NA
"6228" "6228"
"6229" NA
"6229" "6229"
"6230" NA
"6230" "6230"
"6231" NA
"6231" "6231"
"6232" NA
"6232" "6232"
"6233" NA
"6233" "6233"
"6234" "influential"
"6236" NA
"6236" "6236"
"6237" NA
"6237" "6237"
"6239" NA
"6239" "6239"
"6240" NA
"6240" "6240"
"6242" NA
"6242" "6242"
"6243" NA
"6243" "6243"
"6245" NA
"6245" "6245"
"6249" NA
"6249" "6249"
"6250" NA
"6250" "6250"
"6251" NA
"6251" "6251"
"6252" NA
"6252" "6252"
"6253" NA
"6253" "6253"
"6255" NA
"6255" "6255"
"6256" NA
"6256" "6256"
"6257" NA
"6257" "6257"
"6261" "grateful"
"6262" NA
"6262" "6262"
"6264" NA
"6264" "6264"
"6265" NA
"6265" "6265"
"6266" NA
"6266" "6266"
"6267" NA
"6267" "6267"
"6268" NA
"6268" "6268"
"6270" NA
"6270" "6270"
"6271" NA
"6271" "6271"
"6272" NA
"6272" "6272"
"6273" NA
"6273" "6273"
"6274" NA
"6274" "6274"
"6275" NA
"6275" "6275"
"6276" NA
"6276" "6276"
"6277" NA
"6277" "6277"
"6278" NA
"6278" "6278"
"6279" NA
"6279" "6279"
"6280" NA
"6280" "6280"
"6281" NA
"6281" "6281"
"6283" NA
"6283" "6283"
"6285" NA
"6285" "6285"
"6286" NA
"6286" "6286"
"6287" NA
"6287" "6287"
"6288" NA
"6288" "6288"
"6289" NA
"6289" "6289"
"6291" NA
"6291" "6291"
"6293" NA
"6293" "6293"
"6294" NA
"6294" "6294"
"6295" NA
"6295" "6295"
"6296" NA
"6296" "6296"
"6297" NA
"6297" "6297"
"6299" NA
"6299" "6299"
"6300" NA
"6300" "6300"
"6301" NA
"6301" "6301"
"6302" NA
"6302" "6302"
"6303" NA
"6303" "6303"
"6304" NA
"6304" "6304"
"6305" NA
"6305" "6305"
"6306" NA
"6306" "6306"
"6307" NA
"6307" "6307"
"6308" NA
"6308" "6308"
"6310" NA
"6310" "6310"
"6311" NA
"6311" "6311"
"6312" NA
"6312" "6312"
"6313" NA
"6313" "6313"
"6314" NA
"6314" "6314"
"6315" NA
"6315" "6315"
"6316" NA
"6316" "6316"
"6318" NA
"6318" "6318"
"6319" NA
"6319" "6319"
"6320" NA
"6320" "6320"
"6321" NA
"6321" "6321"
"6323" NA
"6323" "6323"
"6324" NA
"6324" "6324"
"6325" NA
"6325" "6325"
"6326" NA
"6326" "6326"
"6327" NA
"6327" "6327"
"6328" NA
"6328" "6328"
"6329" NA
"6329" "6329"
"6330" NA
"6330" "6330"
"6331" NA
"6331" "6331"
"6332" NA
"6332" "6332"
"6333" NA
"6333" "6333"
"6334" NA
"6334" "6334"
"6335" NA
"6335" "6335"
"6336" NA
"6336" "6336"
"6337" NA
"6337" "6337"
"6338" NA
"6338" "6338"
"6339" NA
"6339" "6339"
"6341" NA
"6341" "6341"
"6342" NA
"6342" "6342"
"6343" NA
"6343" "6343"
"6345" NA
"6345" "6345"
"6346" NA
"6346" "6346"
"6347" NA
"6347" "6347"
"6348" NA
"6348" "6348"
"6350" NA
"6350" "6350"
"6351" NA
"6351" "6351"
"6352" NA
"6352" "6352"
"6353" NA
"6353" "6353"
"6354" NA
"6354" "6354"
"6356" NA
"6356" "6356"
"6357" NA
"6357" "6357"
"6358" NA
"6358" "6358"
"6360" NA
"6360" "6360"
"6362" NA
"6362" "6362"
"6363" NA
"6363" "6363"
"6364" NA
"6364" "6364"
"6365" NA
"6365" "6365"
"6366" NA
"6366" "6366"
"6367" NA
"6367" "6367"
"6368" NA
"6368" "6368"
"6369" NA
"6369" "6369"
"6370" NA
"6370" "6370"
"6371" NA
"6371" "6371"
"6372" NA
"6372" "6372"
"6373" NA
"6373" "6373"
"6374" NA
"6374" "6374"
"6375" NA
"6375" "6375"
"6376" NA
"6376" "6376"
"6377" NA
"6377" "6377"
"6379" NA
"6379" "6379"
"6381" NA
"6381" "6381"
"6383" NA
"6383" "6383"
"6384" NA
"6384" "6384"
"6385" NA
"6385" "6385"
"6386" NA
"6386" "6386"
"6387" NA
"6387" "6387"
"6388" NA
"6388" "6388"
"6389" NA
"6389" "6389"
"6392" NA
"6392" "6392"
"6393" NA
"6393" "6393"
"6394" NA
"6394" "6394"
"6395" NA
"6395" "6395"
"6396" NA
"6396" "6396"
"6397" NA
"6397" "6397"
"6398" NA
"6398" "6398"
"6399" NA
"6399" "6399"
"6400" NA
"6400" "6400"
"6401" NA
"6401" "6401"
"6402" NA
"6402" "6402"
"6403" NA
"6403" "6403"
"6404" NA
"6404" "6404"
"6405" NA
"6405" "6405"
"6406" NA
"6406" "6406"
"6407" NA
"6407" "6407"
"6408" NA
"6408" "6408"
"6409" NA
"6409" "6409"
"6410" NA
"6410" "6410"
"6411" NA
"6411" "6411"
"6412" NA
"6412" "6412"
"6413" NA
"6413" "6413"
"6415" NA
"6415" "6415"
"6416" NA
"6416" "6416"
"6417" NA
"6417" "6417"
"6418" NA
"6418" "6418"
"6419" NA
"6419" "6419"
"6420" NA
"6420" "6420"
"6422" NA
"6422" "6422"
"6423" NA
"6423" "6423"
"6424" NA
"6424" "6424"
"6425" NA
"6425" "6425"
"6427" NA
"6427" "6427"
"6429" NA
"6429" "6429"
"6432" NA
"6432" "6432"
"6433" NA
"6433" "6433"
"6434" NA
"6434" "6434"
"6435" NA
"6435" "6435"
"6436" NA
"6436" "6436"
"6437" NA
"6437" "6437"
"6440" NA
"6440" "6440"
"6441" NA
"6441" "6441"
"6442" NA
"6442" "6442"
"6443" NA
"6443" "6443"
"6444" NA
"6444" "6444"
"6445" NA
"6445" "6445"
"6446" NA
"6446" "6446"
"6448" NA
"6448" "6448"
"6450" NA
"6450" "6450"
"6451" NA
"6451" "6451"
"6452" NA
"6452" "6452"
"6453" NA
"6453" "6453"
"6454" NA
"6454" "6454"
"6455" NA
"6455" "6455"
"6456" NA
"6456" "6456"
"6459" NA
"6459" "6459"
"6460" NA
"6460" "6460"
"6462" NA
"6462" "6462"
"6463" NA
"6463" "6463"
"6464" NA
"6464" "6464"
"6465" NA
"6465" "6465"
"6466" NA
"6466" "6466"
"6467" NA
"6467" "6467"
"6468" NA
"6468" "6468"
"6469" NA
"6469" "6469"
"6470" NA
"6470" "6470"
"6471" NA
"6471" "6471"
"6472" NA
"6472" "6472"
"6473" NA
"6473" "6473"
"6474" NA
"6474" "6474"
"6475" NA
"6475" "6475"
"6478" NA
"6478" "6478"
"6479" NA
"6479" "6479"
"6480" NA
"6480" "6480"
"6483" NA
"6483" "6483"
"6485" NA
"6485" "6485"
"6486" NA
"6486" "6486"
"6488" NA
"6488" "6488"
"6491" NA
"6491" "6491"
"6492" NA
"6492" "6492"
"6493" NA
"6493" "6493"
"6494" NA
"6494" "6494"
"6495" NA
"6495" "6495"
"6496" NA
"6496" "6496"
"6497" NA
"6497" "6497"
"6498" NA
"6498" "6498"
"6499" NA
"6499" "6499"
"6500" NA
"6500" "6500"
"6501" NA
"6501" "6501"
"6502" NA
"6502" "6502"
"6504" NA
"6504" "6504"
"6505" NA
"6505" "6505"
"6506" NA
"6506" "6506"
"6507" NA
"6507" "6507"
"6509" NA
"6509" "6509"
"6510" NA
"6510" "6510"
"6511" NA
"6511" "6511"
"6512" NA
"6512" "6512"
"6513" NA
"6513" "6513"
"6514" NA
"6514" "6514"
"6515" NA
"6515" "6515"
"6516" NA
"6516" "6516"
"6517" NA
"6517" "6517"
"6518" NA
"6518" "6518"
"6519" NA
"6519" "6519"
"6520" NA
"6520" "6520"
"6521" NA
"6521" "6521"
"6522" NA
"6522" "6522"
"6524" NA
"6524" "6524"
"6525" NA
"6525" "6525"
"6528" NA
"6528" "6528"
"6531" NA
"6531" "6531"
"6532" NA
"6532" "6532"
"6533" NA
"6533" "6533"
"6535" NA
"6535" "6535"
"6537" NA
"6537" "6537"
"6538" NA
"6538" "6538"
"6539" NA
"6539" "6539"
"6540" NA
"6540" "6540"
"6541" NA
"6541" "6541"
"6542" NA
"6542" "6542"
"6543" NA
"6543" "6543"
"6544" NA
"6544" "6544"
"6545" NA
"6545" "6545"
"6546" NA
"6546" "6546"
"6548" NA
"6548" "6548"
"6550" NA
"6550" "6550"
"6551" NA
"6551" "6551"
"6553" NA
"6553" "6553"
"6555" NA
"6555" "6555"
"6556" NA
"6556" "6556"
"6557" NA
"6557" "6557"
"6558" NA
"6558" "6558"
"6559" NA
"6559" "6559"
"6560" NA
"6560" "6560"
"6561" NA
"6561" "6561"
"6562" NA
"6562" "6562"
"6563" NA
"6563" "6563"
"6564" NA
"6564" "6564"
"6565" NA
"6565" "6565"
"6566" NA
"6566" "6566"
"6567" NA
"6567" "6567"
"6568" NA
"6568" "6568"
"6570" NA
"6570" "6570"
"6571" NA
"6571" "6571"
"6572" NA
"6572" "6572"
"6573" NA
"6573" "6573"
"6574" NA
"6574" "6574"
"6575" NA
"6575" "6575"
"6576" NA
"6576" "6576"
"6577" NA
"6577" "6577"
"6578" NA
"6578" "6578"
"6579" NA
"6579" "6579"
"6580" NA
"6580" "6580"
"6582" NA
"6582" "6582"
"6583" NA
"6583" "6583"
"6586" NA
"6586" "6586"
"6588" NA
"6588" "6588"
"6589" NA
"6589" "6589"
"6590" NA
"6590" "6590"
"6591" NA
"6591" "6591"
"6592" NA
"6592" "6592"
"6593" NA
"6593" "6593"
"6596" NA
"6596" "6596"
"6598" NA
"6598" "6598"
"6599" NA
"6599" "6599"
"6602" NA
"6602" "6602"
"6603" NA
"6603" "6603"
"6604" NA
"6604" "6604"
"6605" NA
"6605" "6605"
"6606" NA
"6606" "6606"
"6607" NA
"6607" "6607"
"6608" NA
"6608" "6608"
"6609" NA
"6609" "6609"
"6610" NA
"6610" "6610"
"6611" NA
"6611" "6611"
"6612" NA
"6612" "6612"
"6613" NA
"6613" "6613"
"6615" NA
"6615" "6615"
"6618" NA
"6618" "6618"
"6620" NA
"6620" "6620"
"6623" NA
"6623" "6623"
"6624" NA
"6624" "6624"
"6626" NA
"6626" "6626"
"6628" NA
"6628" "6628"
"6629" NA
"6629" "6629"
"6631" NA
"6631" "6631"
"6632" NA
"6632" "6632"
"6633" NA
"6633" "6633"
"6634" NA
"6634" "6634"
"6635" NA
"6635" "6635"
"6636" NA
"6636" "6636"
"6637" NA
"6637" "6637"
"6638" NA
"6638" "6638"
"6639" NA
"6639" "6639"
"6642" NA
"6642" "6642"
"6643" NA
"6643" "6643"
"6645" NA
"6645" "6645"
"6646" NA
"6646" "6646"
"6647" NA
"6647" "6647"
"6648" NA
"6648" "6648"
"6649" NA
"6649" "6649"
"6650" NA
"6650" "6650"
"6651" NA
"6651" "6651"
"6652" NA
"6652" "6652"
"6653" NA
"6653" "6653"
"6654" NA
"6654" "6654"
"6655" NA
"6655" "6655"
"6656" NA
"6656" "6656"
"6657" NA
"6657" "6657"
"6658" NA
"6658" "6658"
"6659" NA
"6659" "6659"
"6660" NA
"6660" "6660"
"6661" NA
"6661" "6661"
"6663" NA
"6663" "6663"
"6664" NA
"6664" "6664"
"6667" NA
"6667" "6667"
"6668" NA
"6668" "6668"
"6669" NA
"6669" "6669"
"6670" NA
"6670" "6670"
"6672" NA
"6672" "6672"
"6673" NA
"6673" "6673"
"6674" NA
"6674" "6674"
"6676" NA
"6676" "6676"
"6677" NA
"6677" "6677"
"6680" NA
"6680" "6680"
"6681" NA
"6681" "6681"
"6684" NA
"6684" "6684"
"6685" NA
"6685" "6685"
"6687" NA
"6687" "6687"
"6688" NA
"6688" "6688"
"6691" NA
"6691" "6691"
"6692" NA
"6692" "6692"
"6693" NA
"6693" "6693"
"6694" NA
"6694" "6694"
"6695" NA
"6695" "6695"
"6696" NA
"6696" "6696"
"6698" NA
"6698" "6698"
"6699" NA
"6699" "6699"
"6700" NA
"6700" "6700"
"6703" NA
"6703" "6703"
"6704" NA
"6704" "6704"
"6705" NA
"6705" "6705"
"6706" NA
"6706" "6706"
"6707" NA
"6707" "6707"
"6708" NA
"6708" "6708"
"6709" NA
"6709" "6709"
"6710" NA
"6710" "6710"
"6711" NA
"6711" "6711"
"6712" NA
"6712" "6712"
"6713" NA
"6713" "6713"
"6714" NA
"6714" "6714"
"6716" NA
"6716" "6716"
"6717" NA
"6717" "6717"
"6718" NA
"6718" "6718"
"6719" NA
"6719" "6719"
"6720" NA
"6720" "6720"
"6721" NA
"6721" "6721"
"6722" NA
"6722" "6722"
"6723" NA
"6723" "6723"
"6724" NA
"6724" "6724"
"6725" NA
"6725" "6725"
"6727" NA
"6727" "6727"
"6728" NA
"6728" "6728"
"6729" NA
"6729" "6729"
"6730" NA
"6730" "6730"
"6731" NA
"6731" "6731"
"6732" NA
"6732" "6732"
"6733" NA
"6733" "6733"
"6734" NA
"6734" "6734"
"6735" NA
"6735" "6735"
"6736" NA
"6736" "6736"
"6738" NA
"6738" "6738"
"6739" NA
"6739" "6739"
"6740" NA
"6740" "6740"
"6741" NA
"6741" "6741"
"6742" NA
"6742" "6742"
"6743" NA
"6743" "6743"
"6749" NA
"6749" "6749"
"6750" NA
"6750" "6750"
"6752" NA
"6752" "6752"
"6753" NA
"6753" "6753"
"6754" NA
"6754" "6754"
"6756" NA
"6756" "6756"
"6757" NA
"6757" "6757"
"6758" NA
"6758" "6758"
"6759" NA
"6759" "6759"
"6760" NA
"6760" "6760"
"6761" NA
"6761" "6761"
"6762" NA
"6762" "6762"
"6763" NA
"6763" "6763"
"6764" NA
"6764" "6764"
"6765" NA
"6765" "6765"
"6767" NA
"6767" "6767"
"6768" NA
"6768" "6768"
"6769" NA
"6769" "6769"
"6770" NA
"6770" "6770"
"6771" NA
"6771" "6771"
"6772" NA
"6772" "6772"
"6773" NA
"6773" "6773"
"6774" NA
"6774" "6774"
"6775" NA
"6775" "6775"
"6777" NA
"6777" "6777"
"6778" NA
"6778" "6778"
"6780" NA
"6780" "6780"
"6782" NA
"6782" "6782"
"6783" NA
"6783" "6783"
"6784" NA
"6784" "6784"
"6785" NA
"6785" "6785"
"6786" NA
"6786" "6786"
"6787" NA
"6787" "6787"
"6788" NA
"6788" "6788"
"6789" NA
"6789" "6789"
"6790" NA
"6790" "6790"
"6791" NA
"6791" "6791"
"6792" NA
"6792" "6792"
"6793" NA
"6793" "6793"
"6794" NA
"6794" "6794"
"6795" NA
"6795" "6795"
"6796" NA
"6796" "6796"
"6797" NA
"6797" "6797"
"6799" NA
"6799" "6799"
"6801" NA
"6801" "6801"
"6802" NA
"6802" "6802"
"6803" NA
"6803" "6803"
"6804" NA
"6804" "6804"
"6805" NA
"6805" "6805"
"6806" NA
"6806" "6806"
"6807" NA
"6807" "6807"
"6808" NA
"6808" "6808"
"6810" NA
"6810" "6810"
"6812" NA
"6812" "6812"
"6813" NA
"6813" "6813"
"6815" NA
"6815" "6815"
"6816" NA
"6816" "6816"
"6817" NA
"6817" "6817"
"6818" NA
"6818" "6818"
"6821" NA
"6821" "6821"
"6824" NA
"6824" "6824"
"6825" NA
"6825" "6825"
"6827" NA
"6827" "6827"
"6828" NA
"6828" "6828"
"6829" NA
"6829" "6829"
"6830" NA
"6830" "6830"
"6831" NA
"6831" "6831"
"6832" NA
"6832" "6832"
"6833" NA
"6833" "6833"
"6834" NA
"6834" "6834"
"6835" NA
"6835" "6835"
"6836" NA
"6836" "6836"
"6837" NA
"6837" "6837"
"6838" NA
"6838" "6838"
"6839" NA
"6839" "6839"
"6840" NA
"6840" "6840"
"6841" NA
"6841" "6841"
"6843" NA
"6843" "6843"
"6845" NA
"6845" "6845"
"6846" NA
"6846" "6846"
"6847" NA
"6847" "6847"
"6848" NA
"6848" "6848"
"6851" NA
"6851" "6851"
"6852" NA
"6852" "6852"
"6853" NA
"6853" "6853"
"6854" NA
"6854" "6854"
"6856" NA
"6856" "6856"
"6857" NA
"6857" "6857"
"6858" NA
"6858" "6858"
"6859" NA
"6859" "6859"
"6860" NA
"6860" "6860"
"6862" NA
"6862" "6862"
"6864" NA
"6864" "6864"
"6865" NA
"6865" "6865"
"6866" NA
"6866" "6866"
"6868" NA
"6868" "6868"
"6869" NA
"6869" "6869"
"6870" NA
"6870" "6870"
"6871" NA
"6871" "6871"
"6872" NA
"6872" "6872"
"6873" NA
"6873" "6873"
"6874" NA
"6874" "6874"
"6875" NA
"6875" "6875"
"6876" NA
"6876" "6876"
"6877" NA
"6877" "6877"
"6878" NA
"6878" "6878"
"6879" NA
"6879" "6879"
"6880" NA
"6880" "6880"
"6881" NA
"6881" "6881"
"6882" NA
"6882" "6882"
"6883" NA
"6883" "6883"
"6884" NA
"6884" "6884"
"6885" NA
"6885" "6885"
"6886" "well-known"
"6887" NA
"6887" "6887"
"6888" NA
"6888" "6888"
"6889" NA
"6889" "6889"
"6890" NA
"6890" "6890"
"6891" NA
"6891" "6891"
"6892" NA
"6892" "6892"
"6893" NA
"6893" "6893"
"6894" NA
"6894" "6894"
"6895" NA
"6895" "6895"
"6897" NA
"6897" "6897"
"6898" NA
"6898" "6898"
"6899" NA
"6899" "6899"
"6901" NA
"6901" "6901"
"6902" NA
"6902" "6902"
"6903" NA
"6903" "6903"
"6905" NA
"6905" "6905"
"6907" NA
"6907" "6907"
"6908" NA
"6908" "6908"
"6909" NA
"6909" "6909"
"6910" NA
"6910" "6910"
"6911" NA
"6911" "6911"
"6912" NA
"6912" "6912"
"6914" NA
"6914" "6914"
"6915" NA
"6915" "6915"
"6917" NA
"6917" "6917"
"6918" NA
"6918" "6918"
"6919" NA
"6919" "6919"
"6920" NA
"6920" "6920"
"6921" NA
"6921" "6921"
"6922" NA
"6922" "6922"
"6924" NA
"6924" "6924"
"6925" NA
"6925" "6925"
"6926" NA
"6926" "6926"
"6927" NA
"6927" "6927"
"6929" NA
"6929" "6929"
"6930" NA
"6930" "6930"
"6931" NA
"6931" "6931"
"6932" NA
"6932" "6932"
"6933" NA
"6933" "6933"
"6934" NA
"6934" "6934"
"6935" NA
"6935" "6935"
"6936" NA
"6936" "6936"
"6937" NA
"6937" "6937"
"6938" NA
"6938" "6938"
"6939" NA
"6939" "6939"
"6940" NA
"6940" "6940"
"6941" NA
"6941" "6941"
"6942" NA
"6942" "6942"
"6943" NA
"6943" "6943"
"6944" NA
"6944" "6944"
"6945" NA
"6945" "6945"
"6946" NA
"6946" "6946"
"6948" NA
"6948" "6948"
"6949" NA
"6949" "6949"
"6950" NA
"6950" "6950"
"6952" NA
"6952" "6952"
"6954" "#-ashamed"
"6955" NA
"6955" "6955"
"6956" NA
"6956" "6956"
"6957" NA
"6957" "6957"
"6958" NA
"6958" "6958"
"6959" NA
"6959" "6959"
"6960" NA
"6960" "6960"
"6961" NA
"6961" "6961"
"6962" NA
"6962" "6962"
"6963" NA
"6963" "6963"
"6964" NA
"6964" "6964"
"6965" NA
"6965" "6965"
"6966" NA
"6966" "6966"
"6967" NA
"6967" "6967"
"6968" NA
"6968" "6968"
"6969" NA
"6969" "6969"
"6970" NA
"6970" "6970"
"6971" NA
"6971" "6971"
"6972" NA
"6972" "6972"
"6973" NA
"6973" "6973"
"6974" NA
"6974" "6974"
"6975" NA
"6975" "6975"
"6976" NA
"6976" "6976"
"6977" NA
"6977" "6977"
"6978" NA
"6978" "6978"
"6979" NA
"6979" "6979"
"6980" NA
"6980" "6980"
"6981" NA
"6981" "6981"
"6983" NA
"6983" "6983"
"6984" NA
"6984" "6984"
"6986" NA
"6986" "6986"
"6987" NA
"6987" "6987"
"6989" NA
"6989" "6989"
"6991" NA
"6991" "6991"
"6992" NA
"6992" "6992"
"6993" NA
"6993" "6993"
"6994" NA
"6994" "6994"
"6995" NA
"6995" "6995"
"6996" NA
"6996" "6996"
"6997" NA
"6997" "6997"
"6998" NA
"6998" "6998"
"6999" NA
"6999" "6999"
"7000" NA
"7000" "7000"
"7001" NA
"7001" "7001"
"7002" NA
"7002" "7002"
"7005" NA
"7005" "7005"
"7009" NA
"7009" "7009"
"7010" NA
"7010" "7010"
"7011" NA
"7011" "7011"
"7012" NA
"7012" "7012"
"7014" NA
"7014" "7014"
"7015" NA
"7015" "7015"
"7019" NA
"7019" "7019"
"7020" NA
"7020" "7020"
"7021" NA
"7021" "7021"
"7022" NA
"7022" "7022"
"7024" NA
"7024" "7024"
"7025" NA
"7025" "7025"
"7026" NA
"7026" "7026"
"7027" NA
"7027" "7027"
"7028" NA
"7028" "7028"
"7029" NA
"7029" "7029"
"7031" NA
"7031" "7031"
"7032" NA
"7032" "7032"
"7034" NA
"7034" "7034"
"7035" NA
"7035" "7035"
"7036" NA
"7036" "7036"
"7037" NA
"7037" "7037"
"7038" NA
"7038" "7038"
"7040" NA
"7040" "7040"
"7041" NA
"7041" "7041"
"7042" NA
"7042" "7042"
"7043" NA
"7043" "7043"
"7044" NA
"7044" "7044"
"7045" NA
"7045" "7045"
"7046" NA
"7046" "7046"
"7048" NA
"7048" "7048"
"7051" NA
"7051" "7051"
"7053" NA
"7053" "7053"
"7054" NA
"7054" "7054"
"7055" NA
"7055" "7055"
"7056" NA
"7056" "7056"
"7057" NA
"7057" "7057"
"7058" NA
"7058" "7058"
"7059" NA
"7059" "7059"
"7060" NA
"7060" "7060"
"7061" NA
"7061" "7061"
"7062" NA
"7062" "7062"
"7063" NA
"7063" "7063"
"7064" NA
"7064" "7064"
"7067" NA
"7067" "7067"
"7068" NA
"7068" "7068"
"7069" NA
"7069" "7069"
"7070" NA
"7070" "7070"
"7071" NA
"7071" "7071"
"7072" NA
"7072" "7072"
"7073" NA
"7073" "7073"
"7074" NA
"7074" "7074"
"7075" NA
"7075" "7075"
"7076" NA
"7076" "7076"
"7077" NA
"7077" "7077"
"7078" NA
"7078" "7078"
"7081" NA
"7081" "7081"
"7083" NA
"7083" "7083"
"7084" NA
"7084" "7084"
"7086" NA
"7086" "7086"
"7087" NA
"7087" "7087"
"7090" NA
"7090" "7090"
"7091" NA
"7091" "7091"
"7092" NA
"7092" "7092"
"7093" NA
"7093" "7093"
"7094" NA
"7094" "7094"
"7095" NA
"7095" "7095"
"7096" NA
"7096" "7096"
"7097" NA
"7097" "7097"
"7100" NA
"7100" "7100"
"7101" NA
"7101" "7101"
"7102" NA
"7102" "7102"
"7103" NA
"7103" "7103"
"7104" NA
"7104" "7104"
"7105" NA
"7105" "7105"
"7106" NA
"7106" "7106"
"7107" NA
"7107" "7107"
"7108" NA
"7108" "7108"
"7110" NA
"7110" "7110"
"7111" NA
"7111" "7111"
"7112" NA
"7112" "7112"
"7114" NA
"7114" "7114"
"7115" NA
"7115" "7115"
"7116" NA
"7116" "7116"
"7117" NA
"7117" "7117"
"7119" NA
"7119" "7119"
"7120" NA
"7120" "7120"
"7121" NA
"7121" "7121"
"7122" NA
"7122" "7122"
"7123" NA
"7123" "7123"
"7127" NA
"7127" "7127"
"7128" NA
"7128" "7128"
"7131" NA
"7131" "7131"
"7132" NA
"7132" "7132"
"7134" NA
"7134" "7134"
"7135" NA
"7135" "7135"
"7139" NA
"7139" "7139"
"7140" NA
"7140" "7140"
"7141" NA
"7141" "7141"
"7142" NA
"7142" "7142"
"7144" NA
"7144" "7144"
"7145" NA
"7145" "7145"
"7147" NA
"7147" "7147"
"7148" NA
"7148" "7148"
"7149" NA
"7149" "7149"
"7150" NA
"7150" "7150"
"7152" NA
"7152" "7152"
"7154" NA
"7154" "7154"
"7155" NA
"7155" "7155"
"7156" NA
"7156" "7156"
"7158" NA
"7158" "7158"
"7161" NA
"7161" "7161"
"7162" NA
"7162" "7162"
"7163" NA
"7163" "7163"
"7164" NA
"7164" "7164"
"7165" NA
"7165" "7165"
"7166" NA
"7166" "7166"
"7167" NA
"7167" "7167"
"7168" NA
"7168" "7168"
"7169" NA
"7169" "7169"
"7170" NA
"7170" "7170"
"7171" NA
"7171" "7171"
"7172" "healthy"
"7172" "rebellious"
"7173" NA
"7173" "7173"
"7175" NA
"7175" "7175"
"7176" NA
"7176" "7176"
"7178" NA
"7178" "7178"
"7179" NA
"7179" "7179"
"7180" NA
"7180" "7180"
"7181" NA
"7181" "7181"
"7185" NA
"7185" "7185"
"7187" NA
"7187" "7187"
"7188" NA
"7188" "7188"
"7189" NA
"7189" "7189"
"7190" NA
"7190" "7190"
"7191" NA
"7191" "7191"
"7192" NA
"7192" "7192"
"7193" NA
"7193" "7193"
"7194" NA
"7194" "7194"
"7195" NA
"7195" "7195"
"7196" NA
"7196" "7196"
"7197" NA
"7197" "7197"
"7198" NA
"7198" "7198"
"7199" NA
"7199" "7199"
"7200" NA
"7200" "7200"
"7201" NA
"7201" "7201"
"7202" NA
"7202" "7202"
"7203" NA
"7203" "7203"
"7204" NA
"7204" "7204"
"7207" NA
"7207" "7207"
"7208" NA
"7208" "7208"
"7209" NA
"7209" "7209"
"7210" NA
"7210" "7210"
"7211" NA
"7211" "7211"
"7212" NA
"7212" "7212"
"7213" NA
"7213" "7213"
"7214" NA
"7214" "7214"
"7215" NA
"7215" "7215"
"7216" NA
"7216" "7216"
"7217" NA
"7217" "7217"
"7218" NA
"7218" "7218"
"7219" "hopeful"
"7220" NA
"7220" "7220"
"7221" NA
"7221" "7221"
"7222" NA
"7222" "7222"
"7223" NA
"7223" "7223"
"7224" NA
"7224" "7224"
"7225" NA
"7225" "7225"
"7226" NA
"7226" "7226"
"7227" "tiny"
"7229" NA
"7229" "7229"
"7231" NA
"7231" "7231"
"7232" NA
"7232" "7232"
"7233" NA
"7233" "7233"
"7236" NA
"7236" "7236"
"7238" NA
"7238" "7238"
"7240" NA
"7240" "7240"
"7241" NA
"7241" "7241"
"7242" NA
"7242" "7242"
"7243" NA
"7243" "7243"
"7244" NA
"7244" "7244"
"7245" NA
"7245" "7245"
"7246" NA
"7246" "7246"
"7247" NA
"7247" "7247"
"7249" NA
"7249" "7249"
"7252" NA
"7252" "7252"
"7253" NA
"7253" "7253"
"7254" NA
"7254" "7254"
"7257" NA
"7257" "7257"
"7259" NA
"7259" "7259"
"7260" NA
"7260" "7260"
"7261" NA
"7261" "7261"
"7262" NA
"7262" "7262"
"7264" NA
"7264" "7264"
"7266" NA
"7266" "7266"
"7267" NA
"7267" "7267"
"7268" NA
"7268" "7268"
"7269" NA
"7269" "7269"
"7270" "talkative"
"7271" NA
"7271" "7271"
"7272" NA
"7272" "7272"
"7273" NA
"7273" "7273"
"7275" NA
"7275" "7275"
"7277" NA
"7277" "7277"
"7278" NA
"7278" "7278"
"7279" NA
"7279" "7279"
"7280" NA
"7280" "7280"
"7282" NA
"7282" "7282"
"7283" NA
"7283" "7283"
"7284" NA
"7284" "7284"
"7285" NA
"7285" "7285"
"7286" NA
"7286" "7286"
"7288" NA
"7288" "7288"
"7289" NA
"7289" "7289"
"7290" NA
"7290" "7290"
"7292" NA
"7292" "7292"
"7293" NA
"7293" "7293"
"7294" NA
"7294" "7294"
"7296" NA
"7296" "7296"
"7297" NA
"7297" "7297"
"7298" NA
"7298" "7298"
"7299" NA
"7299" "7299"
"7300" NA
"7300" "7300"
"7301" NA
"7301" "7301"
"7302" NA
"7302" "7302"
"7306" NA
"7306" "7306"
"7309" NA
"7309" "7309"
"7310" NA
"7310" "7310"
"7311" NA
"7311" "7311"
"7313" NA
"7313" "7313"
"7314" NA
"7314" "7314"
"7315" NA
"7315" "7315"
"7316" NA
"7316" "7316"
"7317" NA
"7317" "7317"
"7318" NA
"7318" "7318"
"7319" NA
"7319" "7319"
"7323" "wealthy"
"7324" "old-fashioned"
"7325" NA
"7325" "7325"
"7326" NA
"7326" "7326"
"7327" NA
"7327" "7327"
"7329" NA
"7329" "7329"
"7331" NA
"7331" "7331"
"7332" NA
"7332" "7332"
"7333" NA
"7333" "7333"
"7334" NA
"7334" "7334"
"7336" NA
"7336" "7336"
"7340" NA
"7340" "7340"
"7344" NA
"7344" "7344"
"7345" NA
"7345" "7345"
"7348" NA
"7348" "7348"
"7349" NA
"7349" "7349"
"7351" NA
"7351" "7351"
"7352" NA
"7352" "7352"
"7354" NA
"7354" "7354"
"7355" NA
"7355" "7355"
"7357" NA
"7357" "7357"
"7358" NA
"7358" "7358"
"7359" NA
"7359" "7359"
"7362" NA
"7362" "7362"
"7363" NA
"7363" "7363"
"7364" NA
"7364" "7364"
"7365" NA
"7365" "7365"
"7366" NA
"7366" "7366"
"7367" NA
"7367" "7367"
"7369" NA
"7369" "7369"
"7370" NA
"7370" "7370"
"7373" NA
"7373" "7373"
"7374" NA
"7374" "7374"
"7375" NA
"7375" "7375"
"7378" NA
"7378" "7378"
"7380" NA
"7380" "7380"
"7381" NA
"7381" "7381"
"7383" NA
"7383" "7383"
"7384" NA
"7384" "7384"
"7385" NA
"7385" "7385"
"7386" NA
"7386" "7386"
"7387" NA
"7387" "7387"
"7388" NA
"7388" "7388"
"7391" NA
"7391" "7391"
"7392" NA
"7392" "7392"
"7393" NA
"7393" "7393"
"7395" NA
"7395" "7395"
"7396" NA
"7396" "7396"
"7398" NA
"7398" "7398"
"7399" NA
"7399" "7399"
"7401" NA
"7401" "7401"
"7403" NA
"7403" "7403"
"7404" NA
"7404" "7404"
"7405" NA
"7405" "7405"
"7406" NA
"7406" "7406"
"7408" NA
"7408" "7408"
"7409" NA
"7409" "7409"
"7410" NA
"7410" "7410"
"7411" NA
"7411" "7411"
"7412" NA
"7412" "7412"
"7413" NA
"7413" "7413"
"7414" NA
"7414" "7414"
"7416" NA
"7416" "7416"
"7417" NA
"7417" "7417"
"7419" NA
"7419" "7419"
"7420" NA
"7420" "7420"
"7421" NA
"7421" "7421"
"7423" NA
"7423" "7423"
"7424" NA
"7424" "7424"
"7425" NA
"7425" "7425"
"7426" NA
"7426" "7426"
"7429" NA
"7429" "7429"
"7432" NA
"7432" "7432"
"7433" NA
"7433" "7433"
"7434" NA
"7434" "7434"
"7435" NA
"7435" "7435"
"7436" NA
"7436" "7436"
"7437" NA
"7437" "7437"
"7438" NA
"7438" "7438"
"7439" NA
"7439" "7439"
"7440" NA
"7440" "7440"
"7442" NA
"7442" "7442"
"7443" NA
"7443" "7443"
"7444" NA
"7444" "7444"
"7445" NA
"7445" "7445"
"7447" NA
"7447" "7447"
"7451" NA
"7451" "7451"
"7452" NA
"7452" "7452"
"7453" NA
"7453" "7453"
"7454" NA
"7454" "7454"
"7455" NA
"7455" "7455"
"7457" NA
"7457" "7457"
"7458" NA
"7458" "7458"
"7460" NA
"7460" "7460"
"7461" NA
"7461" "7461"
"7463" NA
"7463" "7463"
"7464" NA
"7464" "7464"
"7465" NA
"7465" "7465"
"7466" NA
"7466" "7466"
"7469" NA
"7469" "7469"
"7470" NA
"7470" "7470"
"7471" NA
"7471" "7471"
"7472" NA
"7472" "7472"
"7473" NA
"7473" "7473"
"7474" NA
"7474" "7474"
"7475" NA
"7475" "7475"
"7476" NA
"7476" "7476"
"7477" NA
"7477" "7477"
"7478" NA
"7478" "7478"
"7481" NA
"7481" "7481"
"7482" NA
"7482" "7482"
"7483" NA
"7483" "7483"
"7484" NA
"7484" "7484"
"7486" NA
"7486" "7486"
"7487" NA
"7487" "7487"
"7488" NA
"7488" "7488"
"7489" NA
"7489" "7489"
"7490" NA
"7490" "7490"
"7491" NA
"7491" "7491"
"7492" NA
"7492" "7492"
"7493" NA
"7493" "7493"
"7494" NA
"7494" "7494"
"7495" NA
"7495" "7495"
"7496" NA
"7496" "7496"
"7497" NA
"7497" "7497"
"7499" NA
"7499" "7499"
"7500" NA
"7500" "7500"
"7501" NA
"7501" "7501"
"7502" NA
"7502" "7502"
"7505" NA
"7505" "7505"
"7506" NA
"7506" "7506"
"7507" NA
"7507" "7507"
"7508" NA
"7508" "7508"
"7509" NA
"7509" "7509"
"7510" NA
"7510" "7510"
"7512" NA
"7512" "7512"
"7514" NA
"7514" "7514"
"7516" NA
"7516" "7516"
"7517" NA
"7517" "7517"
"7518" NA
"7518" "7518"
"7519" NA
"7519" "7519"
"7520" NA
"7520" "7520"
"7521" NA
"7521" "7521"
"7522" NA
"7522" "7522"
"7523" NA
"7523" "7523"
"7524" NA
"7524" "7524"
"7528" NA
"7528" "7528"
"7529" NA
"7529" "7529"
"7531" NA
"7531" "7531"
"7535" NA
"7535" "7535"
"7536" NA
"7536" "7536"
"7537" NA
"7537" "7537"
"7538" NA
"7538" "7538"
"7539" NA
"7539" "7539"
"7540" NA
"7540" "7540"
"7541" "capable"
"7542" NA
"7542" "7542"
"7545" NA
"7545" "7545"
"7546" NA
"7546" "7546"
"7548" NA
"7548" "7548"
"7550" NA
"7550" "7550"
"7551" NA
"7551" "7551"
"7552" NA
"7552" "7552"
"7553" NA
"7553" "7553"
"7554" NA
"7554" "7554"
"7555" NA
"7555" "7555"
"7556" NA
"7556" "7556"
"7558" NA
"7558" "7558"
"7559" NA
"7559" "7559"
"7560" NA
"7560" "7560"
"7562" NA
"7562" "7562"
"7563" NA
"7563" "7563"
"7564" NA
"7564" "7564"
"7565" NA
"7565" "7565"
"7566" NA
"7566" "7566"
"7567" NA
"7567" "7567"
"7568" NA
"7568" "7568"
"7569" NA
"7569" "7569"
"7570" NA
"7570" "7570"
"7572" NA
"7572" "7572"
"7573" NA
"7573" "7573"
"7574" NA
"7574" "7574"
"7576" NA
"7576" "7576"
"7577" NA
"7577" "7577"
"7580" NA
"7580" "7580"
"7581" NA
"7581" "7581"
"7582" NA
"7582" "7582"
"7583" NA
"7583" "7583"
"7584" NA
"7584" "7584"
"7586" NA
"7586" "7586"
"7587" NA
"7587" "7587"
"7589" NA
"7589" "7589"
"7591" NA
"7591" "7591"
"7593" NA
"7593" "7593"
"7594" NA
"7594" "7594"
"7595" NA
"7595" "7595"
"7596" NA
"7596" "7596"
"7597" NA
"7597" "7597"
"7598" NA
"7598" "7598"
"7601" NA
"7601" "7601"
"7602" NA
"7602" "7602"
"7603" NA
"7603" "7603"
"7604" NA
"7604" "7604"
"7605" NA
"7605" "7605"
"7606" NA
"7606" "7606"
"7607" NA
"7607" "7607"
"7608" NA
"7608" "7608"
"7610" NA
"7610" "7610"
"7611" NA
"7611" "7611"
"7613" NA
"7613" "7613"
"7614" NA
"7614" "7614"
"7615" NA
"7615" "7615"
"7616" NA
"7616" "7616"
"7617" NA
"7617" "7617"
"7618" NA
"7618" "7618"
"7619" NA
"7619" "7619"
"7620" NA
"7620" "7620"
"7621" NA
"7621" "7621"
"7622" NA
"7622" "7622"
"7623" NA
"7623" "7623"
"7624" NA
"7624" "7624"
"7625" NA
"7625" "7625"
"7626" NA
"7626" "7626"
"7627" NA
"7627" "7627"
"7629" NA
"7629" "7629"
"7631" NA
"7631" "7631"
"7632" NA
"7632" "7632"
"7633" NA
"7633" "7633"
"7634" NA
"7634" "7634"
"7635" NA
"7635" "7635"
"7636" NA
"7636" "7636"
"7637" NA
"7637" "7637"
"7638" NA
"7638" "7638"
"7639" NA
"7639" "7639"
"7640" NA
"7640" "7640"
"7641" NA
"7641" "7641"
"7642" NA
"7642" "7642"
"7645" NA
"7645" "7645"
"7646" NA
"7646" "7646"
"7647" NA
"7647" "7647"
"7651" NA
"7651" "7651"
"7652" NA
"7652" "7652"
"7655" NA
"7655" "7655"
"7657" NA
"7657" "7657"
"7658" NA
"7658" "7658"
"7660" "enthusiastic"
"7662" NA
"7662" "7662"
"7664" NA
"7664" "7664"
"7667" NA
"7667" "7667"
"7669" NA
"7669" "7669"
"7670" NA
"7670" "7670"
"7671" NA
"7671" "7671"
"7672" NA
"7672" "7672"
"7673" NA
"7673" "7673"
"7674" NA
"7674" "7674"
"7676" NA
"7676" "7676"
"7677" NA
"7677" "7677"
"7678" NA
"7678" "7678"
"7680" NA
"7680" "7680"
"7683" NA
"7683" "7683"
"7684" NA
"7684" "7684"
"7685" NA
"7685" "7685"
"7686" NA
"7686" "7686"
"7687" NA
"7687" "7687"
"7688" NA
"7688" "7688"
"7689" NA
"7689" "7689"
"7690" NA
"7690" "7690"
"7691" NA
"7691" "7691"
"7693" NA
"7693" "7693"
"7694" NA
"7694" "7694"
"7695" NA
"7695" "7695"
"7696" NA
"7696" "7696"
"7698" NA
"7698" "7698"
"7699" "adventurous"
"7701" NA
"7701" "7701"
"7702" NA
"7702" "7702"
"7703" NA
"7703" "7703"
"7704" NA
"7704" "7704"
"7705" NA
"7705" "7705"
"7706" NA
"7706" "7706"
"7707" NA
"7707" "7707"
"7708" NA
"7708" "7708"
"7710" NA
"7710" "7710"
"7711" NA
"7711" "7711"
"7712" NA
"7712" "7712"
"7714" NA
"7714" "7714"
"7717" NA
"7717" "7717"
"7718" NA
"7718" "7718"
"7723" NA
"7723" "7723"
"7724" NA
"7724" "7724"
"7725" NA
"7725" "7725"
"7726" NA
"7726" "7726"
"7727" NA
"7727" "7727"
"7729" NA
"7729" "7729"
"7730" NA
"7730" "7730"
"7732" NA
"7732" "7732"
"7734" NA
"7734" "7734"
"7735" NA
"7735" "7735"
"7736" NA
"7736" "7736"
"7737" NA
"7737" "7737"
"7739" NA
"7739" "7739"
"7740" NA
"7740" "7740"
"7741" NA
"7741" "7741"
"7742" NA
"7742" "7742"
"7743" NA
"7743" "7743"
"7744" NA
"7744" "7744"
"7745" NA
"7745" "7745"
"7746" NA
"7746" "7746"
"7747" NA
"7747" "7747"
"7748" NA
"7748" "7748"
"7752" NA
"7752" "7752"
"7755" NA
"7755" "7755"
"7756" NA
"7756" "7756"
"7757" NA
"7757" "7757"
"7758" NA
"7758" "7758"
"7760" NA
"7760" "7760"
"7762" NA
"7762" "7762"
"7763" NA
"7763" "7763"
"7764" NA
"7764" "7764"
"7765" NA
"7765" "7765"
"7766" NA
"7766" "7766"
"7768" NA
"7768" "7768"
"7769" NA
"7769" "7769"
"7770" NA
"7770" "7770"
"7771" NA
"7771" "7771"
"7773" NA
"7773" "7773"
"7774" NA
"7774" "7774"
"7775" NA
"7775" "7775"
"7776" NA
"7776" "7776"
"7778" NA
"7778" "7778"
"7779" NA
"7779" "7779"
"7780" NA
"7780" "7780"
"7781" NA
"7781" "7781"
"7782" NA
"7782" "7782"
"7783" NA
"7783" "7783"
"7784" NA
"7784" "7784"
"7785" NA
"7785" "7785"
"7786" NA
"7786" "7786"
"7788" NA
"7788" "7788"
"7791" NA
"7791" "7791"
"7792" NA
"7792" "7792"
"7793" NA
"7793" "7793"
"7796" NA
"7796" "7796"
"7797" NA
"7797" "7797"
"7798" NA
"7798" "7798"
"7799" NA
"7799" "7799"
"7801" NA
"7801" "7801"
"7802" NA
"7802" "7802"
"7803" NA
"7803" "7803"
"7804" NA
"7804" "7804"
"7806" NA
"7806" "7806"
"7810" NA
"7810" "7810"
"7811" NA
"7811" "7811"
"7812" NA
"7812" "7812"
"7813" NA
"7813" "7813"
"7814" NA
"7814" "7814"
"7815" NA
"7815" "7815"
"7816" NA
"7816" "7816"
"7818" NA
"7818" "7818"
"7819" NA
"7819" "7819"
"7820" NA
"7820" "7820"
"7822" NA
"7822" "7822"
"7823" NA
"7823" "7823"
"7824" NA
"7824" "7824"
"7825" NA
"7825" "7825"
"7826" NA
"7826" "7826"
"7828" NA
"7828" "7828"
"7830" NA
"7830" "7830"
"7831" NA
"7831" "7831"
"7832" NA
"7832" "7832"
"7833" NA
"7833" "7833"
"7834" NA
"7834" "7834"
"7835" NA
"7835" "7835"
"7836" NA
"7836" "7836"
"7839" NA
"7839" "7839"
"7842" NA
"7842" "7842"
"7843" NA
"7843" "7843"
"7844" NA
"7844" "7844"
"7845" NA
"7845" "7845"
"7847" NA
"7847" "7847"
"7849" NA
"7849" "7849"
"7850" NA
"7850" "7850"
"7851" NA
"7851" "7851"
"7852" NA
"7852" "7852"
"7855" NA
"7855" "7855"
"7856" NA
"7856" "7856"
"7857" NA
"7857" "7857"
"7858" NA
"7858" "7858"
"7859" NA
"7859" "7859"
"7860" NA
"7860" "7860"
"7861" NA
"7861" "7861"
"7862" NA
"7862" "7862"
"7863" NA
"7863" "7863"
"7864" NA
"7864" "7864"
"7865" NA
"7865" "7865"
"7867" NA
"7867" "7867"
"7869" NA
"7869" "7869"
"7870" NA
"7870" "7870"
"7871" NA
"7871" "7871"
"7872" NA
"7872" "7872"
"7875" NA
"7875" "7875"
"7876" NA
"7876" "7876"
"7879" NA
"7879" "7879"
"7881" NA
"7881" "7881"
"7882" NA
"7882" "7882"
"7887" NA
"7887" "7887"
"7888" NA
"7888" "7888"
"7889" NA
"7889" "7889"
"7891" NA
"7891" "7891"
"7892" NA
"7892" "7892"
"7894" NA
"7894" "7894"
"7897" NA
"7897" "7897"
"7898" NA
"7898" "7898"
"7899" NA
"7899" "7899"
"7900" NA
"7900" "7900"
"7902" NA
"7902" "7902"
"7906" NA
"7906" "7906"
"7907" NA
"7907" "7907"
"7908" NA
"7908" "7908"
"7909" NA
"7909" "7909"
"7910" NA
"7910" "7910"
"7911" NA
"7911" "7911"
"7914" NA
"7914" "7914"
"7915" NA
"7915" "7915"
"7916" NA
"7916" "7916"
"7918" "harmless"
"7918" "loving"
"7920" NA
"7920" "7920"
"7921" NA
"7921" "7921"
"7923" NA
"7923" "7923"
"7924" NA
"7924" "7924"
"7927" NA
"7927" "7927"
"7929" NA
"7929" "7929"
"7931" NA
"7931" "7931"
"7932" NA
"7932" "7932"
"7933" NA
"7933" "7933"
"7934" NA
"7934" "7934"
"7936" NA
"7936" "7936"
"7937" NA
"7937" "7937"
"7938" NA
"7938" "7938"
"7939" NA
"7939" "7939"
"7941" NA
"7941" "7941"
"7942" NA
"7942" "7942"
"7943" NA
"7943" "7943"
"7944" NA
"7944" "7944"
"7945" NA
"7945" "7945"
"7946" NA
"7946" "7946"
"7947" NA
"7947" "7947"
"7948" NA
"7948" "7948"
"7949" NA
"7949" "7949"
"7950" NA
"7950" "7950"
"7951" NA
"7951" "7951"
"7952" NA
"7952" "7952"
"7953" NA
"7953" "7953"
"7954" NA
"7954" "7954"
"7955" NA
"7955" "7955"
"7956" NA
"7956" "7956"
"7957" NA
"7957" "7957"
"7958" NA
"7958" "7958"
"7959" NA
"7959" "7959"
"7960" NA
"7960" "7960"
"7961" NA
"7961" "7961"
"7962" NA
"7962" "7962"
"7963" NA
"7963" "7963"
"7966" NA
"7966" "7966"
"7967" NA
"7967" "7967"
"7968" NA
"7968" "7968"
"7970" NA
"7970" "7970"
"7973" NA
"7973" "7973"
"7974" NA
"7974" "7974"
"7976" NA
"7976" "7976"
"7977" NA
"7977" "7977"
"7978" "aggravating"
"7979" NA
"7979" "7979"
"7980" NA
"7980" "7980"
"7981" NA
"7981" "7981"
"7982" NA
"7982" "7982"
"7983" NA
"7983" "7983"
"7984" NA
"7984" "7984"
"7985" NA
"7985" "7985"
"7986" NA
"7986" "7986"
"7987" NA
"7987" "7987"
"7988" NA
"7988" "7988"
"7989" NA
"7989" "7989"
"7990" NA
"7990" "7990"
"7993" NA
"7993" "7993"
"7994" NA
"7994" "7994"
"7995" NA
"7995" "7995"
"7996" NA
"7996" "7996"
"7997" NA
"7997" "7997"
"7998" NA
"7998" "7998"
"7999" NA
"7999" "7999"
"8000" NA
"8000" "8000"
"8001" NA
"8001" "8001"
"8002" NA
"8002" "8002"
"8003" NA
"8003" "8003"
"8004" NA
"8004" "8004"
"8006" NA
"8006" "8006"
"8007" NA
"8007" "8007"
"8009" NA
"8009" "8009"
"8011" NA
"8011" "8011"
"8012" NA
"8012" "8012"
"8013" NA
"8013" "8013"
"8014" NA
"8014" "8014"
"8015" NA
"8015" "8015"
"8016" NA
"8016" "8016"
"8017" NA
"8017" "8017"
"8018" NA
"8018" "8018"
"8022" NA
"8022" "8022"
"8023" NA
"8023" "8023"
"8024" NA
"8024" "8024"
"8025" NA
"8025" "8025"
"8026" NA
"8026" "8026"
"8027" NA
"8027" "8027"
"8028" NA
"8028" "8028"
"8029" NA
"8029" "8029"
"8030" NA
"8030" "8030"
"8031" NA
"8031" "8031"
"8032" NA
"8032" "8032"
"8033" NA
"8033" "8033"
"8036" NA
"8036" "8036"
"8037" NA
"8037" "8037"
"8038" NA
"8038" "8038"
"8040" NA
"8040" "8040"
"8041" NA
"8041" "8041"
"8042" NA
"8042" "8042"
"8043" NA
"8043" "8043"
"8044" NA
"8044" "8044"
"8045" NA
"8045" "8045"
"8046" NA
"8046" "8046"
"8047" NA
"8047" "8047"
"8048" NA
"8048" "8048"
"8049" NA
"8049" "8049"
"8050" "entertaining"
"8051" NA
"8051" "8051"
"8052" NA
"8052" "8052"
"8054" NA
"8054" "8054"
"8056" NA
"8056" "8056"
"8057" NA
"8057" "8057"
"8058" NA
"8058" "8058"
"8059" NA
"8059" "8059"
"8060" NA
"8060" "8060"
"8061" NA
"8061" "8061"
"8062" NA
"8062" "8062"
"8063" NA
"8063" "8063"
"8064" NA
"8064" "8064"
"8066" NA
"8066" "8066"
"8067" NA
"8067" "8067"
"8068" NA
"8068" "8068"
"8069" NA
"8069" "8069"
"8070" NA
"8070" "8070"
"8075" NA
"8075" "8075"
"8076" NA
"8076" "8076"
"8077" NA
"8077" "8077"
"8078" NA
"8078" "8078"
"8079" NA
"8079" "8079"
"8080" NA
"8080" "8080"
"8082" NA
"8082" "8082"
"8083" NA
"8083" "8083"
"8084" NA
"8084" "8084"
"8087" NA
"8087" "8087"
"8088" NA
"8088" "8088"
"8089" NA
"8089" "8089"
"8090" NA
"8090" "8090"
"8091" NA
"8091" "8091"
"8092" NA
"8092" "8092"
"8093" NA
"8093" "8093"
"8094" NA
"8094" "8094"
"8095" NA
"8095" "8095"
"8096" NA
"8096" "8096"
"8097" NA
"8097" "8097"
"8098" NA
"8098" "8098"
"8099" NA
"8099" "8099"
"8100" NA
"8100" "8100"
"8101" NA
"8101" "8101"
"8103" NA
"8103" "8103"
"8104" NA
"8104" "8104"
"8105" NA
"8105" "8105"
"8106" NA
"8106" "8106"
"8108" NA
"8108" "8108"
"8110" NA
"8110" "8110"
"8111" NA
"8111" "8111"
"8112" NA
"8112" "8112"
"8113" NA
"8113" "8113"
"8114" NA
"8114" "8114"
"8115" NA
"8115" "8115"
"8118" NA
"8118" "8118"
"8119" NA
"8119" "8119"
"8120" NA
"8120" "8120"
"8121" NA
"8121" "8121"
"8122" NA
"8122" "8122"
"8123" NA
"8123" "8123"
"8124" NA
"8124" "8124"
"8125" NA
"8125" "8125"
"8126" NA
"8126" "8126"
"8127" NA
"8127" "8127"
"8128" NA
"8128" "8128"
"8130" NA
"8130" "8130"
"8131" NA
"8131" "8131"
"8132" NA
"8132" "8132"
"8133" NA
"8133" "8133"
"8135" NA
"8135" "8135"
"8136" NA
"8136" "8136"
"8137" NA
"8137" "8137"
"8138" NA
"8138" "8138"
"8139" NA
"8139" "8139"
"8140" NA
"8140" "8140"
"8141" NA
"8141" "8141"
"8142" NA
"8142" "8142"
"8143" NA
"8143" "8143"
"8144" NA
"8144" "8144"
"8145" NA
"8145" "8145"
"8147" NA
"8147" "8147"
"8150" NA
"8150" "8150"
"8151" NA
"8151" "8151"
"8152" NA
"8152" "8152"
"8153" NA
"8153" "8153"
"8154" NA
"8154" "8154"
"8155" NA
"8155" "8155"
"8156" NA
"8156" "8156"
"8157" NA
"8157" "8157"
"8158" NA
"8158" "8158"
"8159" NA
"8159" "8159"
"8160" NA
"8160" "8160"
"8161" NA
"8161" "8161"
"8162" NA
"8162" "8162"
"8163" NA
"8163" "8163"
"8164" NA
"8164" "8164"
"8165" NA
"8165" "8165"
"8166" NA
"8166" "8166"
"8167" NA
"8167" "8167"
"8168" NA
"8168" "8168"
"8169" NA
"8169" "8169"
"8170" NA
"8170" "8170"
"8171" NA
"8171" "8171"
"8173" NA
"8173" "8173"
"8174" NA
"8174" "8174"
"8175" NA
"8175" "8175"
"8176" "neat"
"8177" NA
"8177" "8177"
"8178" NA
"8178" "8178"
"8179" NA
"8179" "8179"
"8180" NA
"8180" "8180"
"8181" NA
"8181" "8181"
"8182" NA
"8182" "8182"
"8183" NA
"8183" "8183"
"8184" NA
"8184" "8184"
"8185" NA
"8185" "8185"
"8187" NA
"8187" "8187"
"8188" NA
"8188" "8188"
"8191" NA
"8191" "8191"
"8192" NA
"8192" "8192"
"8193" NA
"8193" "8193"
"8194" NA
"8194" "8194"
"8195" NA
"8195" "8195"
"8196" NA
"8196" "8196"
"8197" NA
"8197" "8197"
"8198" NA
"8198" "8198"
"8199" NA
"8199" "8199"
"8200" NA
"8200" "8200"
"8201" NA
"8201" "8201"
"8203" NA
"8203" "8203"
"8204" NA
"8204" "8204"
"8205" NA
"8205" "8205"
"8206" NA
"8206" "8206"
"8207" NA
"8207" "8207"
"8209" NA
"8209" "8209"
"8212" NA
"8212" "8212"
"8213" NA
"8213" "8213"
"8215" NA
"8215" "8215"
"8216" NA
"8216" "8216"
"8217" NA
"8217" "8217"
"8218" NA
"8218" "8218"
"8219" NA
"8219" "8219"
"8221" NA
"8221" "8221"
"8222" NA
"8222" "8222"
"8224" NA
"8224" "8224"
"8225" NA
"8225" "8225"
"8226" NA
"8226" "8226"
"8227" NA
"8227" "8227"
"8228" NA
"8228" "8228"
"8229" NA
"8229" "8229"
"8230" NA
"8230" "8230"
"8231" NA
"8231" "8231"
"8232" NA
"8232" "8232"
"8234" NA
"8234" "8234"
"8235" NA
"8235" "8235"
"8236" NA
"8236" "8236"
"8237" NA
"8237" "8237"
"8238" NA
"8238" "8238"
"8239" NA
"8239" "8239"
"8240" NA
"8240" "8240"
"8241" NA
"8241" "8241"
"8242" NA
"8242" "8242"
"8243" NA
"8243" "8243"
"8244" NA
"8244" "8244"
"8245" "#-bad"
"8246" NA
"8246" "8246"
"8247" NA
"8247" "8247"
"8248" NA
"8248" "8248"
"8249" NA
"8249" "8249"
"8250" NA
"8250" "8250"
"8251" NA
"8251" "8251"
"8252" NA
"8252" "8252"
"8254" NA
"8254" "8254"
"8256" NA
"8256" "8256"
"8257" NA
"8257" "8257"
"8258" NA
"8258" "8258"
"8259" NA
"8259" "8259"
"8260" NA
"8260" "8260"
"8263" NA
"8263" "8263"
"8266" NA
"8266" "8266"
"8267" NA
"8267" "8267"
"8268" NA
"8268" "8268"
"8269" NA
"8269" "8269"
"8270" NA
"8270" "8270"
"8271" NA
"8271" "8271"
"8272" NA
"8272" "8272"
"8273" NA
"8273" "8273"
"8274" NA
"8274" "8274"
"8275" NA
"8275" "8275"
"8276" NA
"8276" "8276"
"8277" NA
"8277" "8277"
"8278" NA
"8278" "8278"
"8280" NA
"8280" "8280"
"8281" NA
"8281" "8281"
"8282" NA
"8282" "8282"
"8283" NA
"8283" "8283"
"8284" NA
"8284" "8284"
"8285" NA
"8285" "8285"
"8286" NA
"8286" "8286"
"8287" NA
"8287" "8287"
"8288" NA
"8288" "8288"
"8289" NA
"8289" "8289"
"8290" NA
"8290" "8290"
"8291" NA
"8291" "8291"
"8292" NA
"8292" "8292"
"8293" NA
"8293" "8293"
"8294" NA
"8294" "8294"
"8295" NA
"8295" "8295"
"8296" NA
"8296" "8296"
"8297" NA
"8297" "8297"
"8298" NA
"8298" "8298"
"8299" NA
"8299" "8299"
"8300" NA
"8300" "8300"
"8301" NA
"8301" "8301"
"8303" NA
"8303" "8303"
"8306" NA
"8306" "8306"
"8308" NA
"8308" "8308"
"8309" NA
"8309" "8309"
"8310" NA
"8310" "8310"
"8311" NA
"8311" "8311"
"8313" NA
"8313" "8313"
"8316" NA
"8316" "8316"
"8317" NA
"8317" "8317"
"8318" NA
"8318" "8318"
"8320" NA
"8320" "8320"
"8321" NA
"8321" "8321"
"8322" NA
"8322" "8322"
"8323" NA
"8323" "8323"
"8324" NA
"8324" "8324"
"8325" NA
"8325" "8325"
"8326" NA
"8326" "8326"
"8327" NA
"8327" "8327"
"8328" NA
"8328" "8328"
"8330" NA
"8330" "8330"
"8332" NA
"8332" "8332"
"8333" NA
"8333" "8333"
"8334" NA
"8334" "8334"
"8335" NA
"8335" "8335"
"8336" NA
"8336" "8336"
"8337" NA
"8337" "8337"
"8338" NA
"8338" "8338"
"8340" NA
"8340" "8340"
"8341" NA
"8341" "8341"
"8342" NA
"8342" "8342"
"8343" NA
"8343" "8343"
"8344" NA
"8344" "8344"
"8346" NA
"8346" "8346"
"8347" NA
"8347" "8347"
"8348" NA
"8348" "8348"
"8349" NA
"8349" "8349"
"8350" NA
"8350" "8350"
"8351" NA
"8351" "8351"
"8353" NA
"8353" "8353"
"8355" NA
"8355" "8355"
"8356" NA
"8356" "8356"
"8357" NA
"8357" "8357"
"8358" NA
"8358" "8358"
"8361" NA
"8361" "8361"
"8362" NA
"8362" "8362"
"8363" NA
"8363" "8363"
"8365" NA
"8365" "8365"
"8366" NA
"8366" "8366"
"8367" NA
"8367" "8367"
"8368" NA
"8368" "8368"
"8369" "mature"
"8372" NA
"8372" "8372"
"8374" NA
"8374" "8374"
"8375" NA
"8375" "8375"
"8376" NA
"8376" "8376"
"8377" NA
"8377" "8377"
"8378" NA
"8378" "8378"
"8379" NA
"8379" "8379"
"8380" NA
"8380" "8380"
"8381" NA
"8381" "8381"
"8382" NA
"8382" "8382"
"8383" NA
"8383" "8383"
"8384" NA
"8384" "8384"
"8385" NA
"8385" "8385"
"8387" NA
"8387" "8387"
"8389" NA
"8389" "8389"
"8390" NA
"8390" "8390"
"8391" NA
"8391" "8391"
"8392" NA
"8392" "8392"
"8396" NA
"8396" "8396"
"8399" NA
"8399" "8399"
"8400" NA
"8400" "8400"
"8402" NA
"8402" "8402"
"8403" NA
"8403" "8403"
"8404" NA
"8404" "8404"
"8406" NA
"8406" "8406"
"8408" NA
"8408" "8408"
"8410" NA
"8410" "8410"
"8412" NA
"8412" "8412"
"8413" NA
"8413" "8413"
"8414" NA
"8414" "8414"
"8415" NA
"8415" "8415"
"8416" NA
"8416" "8416"
"8417" NA
"8417" "8417"
"8418" NA
"8418" "8418"
"8419" NA
"8419" "8419"
"8420" NA
"8420" "8420"
"8422" NA
"8422" "8422"
"8423" "clumsy"
"8425" NA
"8425" "8425"
"8426" NA
"8426" "8426"
"8428" NA
"8428" "8428"
"8430" NA
"8430" "8430"
"8431" NA
"8431" "8431"
"8432" NA
"8432" "8432"
"8433" NA
"8433" "8433"
"8434" NA
"8434" "8434"
"8435" NA
"8435" "8435"
"8436" NA
"8436" "8436"
"8437" NA
"8437" "8437"
"8438" NA
"8438" "8438"
"8439" NA
"8439" "8439"
"8442" NA
"8442" "8442"
"8443" NA
"8443" "8443"
"8445" NA
"8445" "8445"
"8446" NA
"8446" "8446"
"8447" NA
"8447" "8447"
"8449" NA
"8449" "8449"
"8450" NA
"8450" "8450"
"8452" NA
"8452" "8452"
"8453" NA
"8453" "8453"
"8454" NA
"8454" "8454"
"8455" NA
"8455" "8455"
"8456" NA
"8456" "8456"
"8457" NA
"8457" "8457"
"8458" NA
"8458" "8458"
"8459" NA
"8459" "8459"
"8460" NA
"8460" "8460"
"8461" NA
"8461" "8461"
"8462" NA
"8462" "8462"
"8463" NA
"8463" "8463"
"8465" NA
"8465" "8465"
"8466" NA
"8466" "8466"
"8467" NA
"8467" "8467"
"8469" NA
"8469" "8469"
"8471" NA
"8471" "8471"
"8472" NA
"8472" "8472"
"8475" NA
"8475" "8475"
"8477" NA
"8477" "8477"
"8479" NA
"8479" "8479"
"8481" NA
"8481" "8481"
"8484" NA
"8484" "8484"
"8485" NA
"8485" "8485"
"8486" NA
"8486" "8486"
"8487" NA
"8487" "8487"
"8489" NA
"8489" "8489"
"8491" NA
"8491" "8491"
"8492" NA
"8492" "8492"
"8493" NA
"8493" "8493"
"8494" NA
"8494" "8494"
"8495" NA
"8495" "8495"
"8496" NA
"8496" "8496"
"8497" NA
"8497" "8497"
"8498" NA
"8498" "8498"
"8499" NA
"8499" "8499"
"8500" NA
"8500" "8500"
"8501" NA
"8501" "8501"
"8502" NA
"8502" "8502"
"8503" NA
"8503" "8503"
"8504" NA
"8504" "8504"
"8505" NA
"8505" "8505"
"8506" NA
"8506" "8506"
"8507" NA
"8507" "8507"
"8508" NA
"8508" "8508"
"8510" NA
"8510" "8510"
"8511" NA
"8511" "8511"
"8512" NA
"8512" "8512"
"8513" NA
"8513" "8513"
"8514" NA
"8514" "8514"
"8515" NA
"8515" "8515"
"8516" NA
"8516" "8516"
"8517" NA
"8517" "8517"
"8518" NA
"8518" "8518"
"8519" NA
"8519" "8519"
"8520" NA
"8520" "8520"
"8521" NA
"8521" "8521"
"8523" NA
"8523" "8523"
"8524" NA
"8524" "8524"
"8525" NA
"8525" "8525"
"8526" NA
"8526" "8526"
"8527" NA
"8527" "8527"
"8528" NA
"8528" "8528"
"8529" NA
"8529" "8529"
"8530" NA
"8530" "8530"
"8531" NA
"8531" "8531"
"8532" NA
"8532" "8532"
"8533" NA
"8533" "8533"
"8534" NA
"8534" "8534"
"8535" NA
"8535" "8535"
"8537" NA
"8537" "8537"
"8538" NA
"8538" "8538"
"8539" NA
"8539" "8539"
"8540" NA
"8540" "8540"
"8541" NA
"8541" "8541"
"8542" NA
"8542" "8542"
"8543" NA
"8543" "8543"
"8544" NA
"8544" "8544"
"8545" NA
"8545" "8545"
"8546" NA
"8546" "8546"
"8547" NA
"8547" "8547"
"8548" NA
"8548" "8548"
"8549" NA
"8549" "8549"
"8550" NA
"8550" "8550"
"8551" NA
"8551" "8551"
"8553" NA
"8553" "8553"
"8554" NA
"8554" "8554"
"8555" NA
"8555" "8555"
"8556" NA
"8556" "8556"
"8557" NA
"8557" "8557"
"8558" NA
"8558" "8558"
"8559" NA
"8559" "8559"
"8560" NA
"8560" "8560"
"8562" NA
"8562" "8562"
"8563" NA
"8563" "8563"
"8564" NA
"8564" "8564"
"8565" NA
"8565" "8565"
"8568" NA
"8568" "8568"
"8570" NA
"8570" "8570"
"8571" NA
"8571" "8571"
"8573" NA
"8573" "8573"
"8574" NA
"8574" "8574"
"8575" NA
"8575" "8575"
"8576" NA
"8576" "8576"
"8578" NA
"8578" "8578"
"8579" NA
"8579" "8579"
"8580" NA
"8580" "8580"
"8581" NA
"8581" "8581"
"8583" NA
"8583" "8583"
"8584" NA
"8584" "8584"
"8588" NA
"8588" "8588"
"8589" NA
"8589" "8589"
"8590" NA
"8590" "8590"
"8591" NA
"8591" "8591"
"8592" NA
"8592" "8592"
"8594" NA
"8594" "8594"
"8596" NA
"8596" "8596"
"8597" NA
"8597" "8597"
"8598" NA
"8598" "8598"
"8599" NA
"8599" "8599"
"8602" NA
"8602" "8602"
"8604" NA
"8604" "8604"
"8605" NA
"8605" "8605"
"8607" NA
"8607" "8607"
"8608" NA
"8608" "8608"
"8609" NA
"8609" "8609"
"8610" NA
"8610" "8610"
"8611" NA
"8611" "8611"
"8612" NA
"8612" "8612"
"8614" NA
"8614" "8614"
"8615" NA
"8615" "8615"
"8616" NA
"8616" "8616"
"8617" NA
"8617" "8617"
"8618" NA
"8618" "8618"
"8619" NA
"8619" "8619"
"8620" NA
"8620" "8620"
"8621" NA
"8621" "8621"
"8622" NA
"8622" "8622"
"8623" NA
"8623" "8623"
"8624" NA
"8624" "8624"
"8625" NA
"8625" "8625"
"8626" NA
"8626" "8626"
"8627" NA
"8627" "8627"
"8628" NA
"8628" "8628"
"8629" NA
"8629" "8629"
"8630" NA
"8630" "8630"
"8632" NA
"8632" "8632"
"8633" NA
"8633" "8633"
"8634" NA
"8634" "8634"
"8635" NA
"8635" "8635"
"8636" "#-disappointed"
"8637" NA
"8637" "8637"
"8638" NA
"8638" "8638"
"8639" NA
"8639" "8639"
"8640" NA
"8640" "8640"
"8641" NA
"8641" "8641"
"8642" NA
"8642" "8642"
"8644" NA
"8644" "8644"
"8645" NA
"8645" "8645"
"8646" NA
"8646" "8646"
"8647" NA
"8647" "8647"
"8649" NA
"8649" "8649"
"8650" NA
"8650" "8650"
"8652" NA
"8652" "8652"
"8653" NA
"8653" "8653"
"8654" NA
"8654" "8654"
"8655" NA
"8655" "8655"
"8656" NA
"8656" "8656"
"8657" NA
"8657" "8657"
"8658" NA
"8658" "8658"
"8660" NA
"8660" "8660"
"8662" NA
"8662" "8662"
"8663" NA
"8663" "8663"
"8664" NA
"8664" "8664"
"8665" NA
"8665" "8665"
"8667" NA
"8667" "8667"
"8668" NA
"8668" "8668"
"8669" NA
"8669" "8669"
"8671" NA
"8671" "8671"
"8672" NA
"8672" "8672"
"8675" NA
"8675" "8675"
"8676" NA
"8676" "8676"
"8677" NA
"8677" "8677"
"8678" NA
"8678" "8678"
"8679" NA
"8679" "8679"
"8680" NA
"8680" "8680"
"8681" NA
"8681" "8681"
"8682" NA
"8682" "8682"
"8683" NA
"8683" "8683"
"8685" NA
"8685" "8685"
"8686" NA
"8686" "8686"
"8687" NA
"8687" "8687"
"8688" NA
"8688" "8688"
"8689" NA
"8689" "8689"
"8690" NA
"8690" "8690"
"8692" NA
"8692" "8692"
"8694" NA
"8694" "8694"
"8695" NA
"8695" "8695"
"8696" NA
"8696" "8696"
"8698" NA
"8698" "8698"
"8700" NA
"8700" "8700"
"8701" NA
"8701" "8701"
"8702" NA
"8702" "8702"
"8704" NA
"8704" "8704"
"8705" NA
"8705" "8705"
"8706" NA
"8706" "8706"
"8707" NA
"8707" "8707"
"8709" NA
"8709" "8709"
"8712" NA
"8712" "8712"
"8713" NA
"8713" "8713"
"8716" NA
"8716" "8716"
"8717" NA
"8717" "8717"
"8718" NA
"8718" "8718"
"8719" NA
"8719" "8719"
"8720" NA
"8720" "8720"
"8721" NA
"8721" "8721"
"8722" NA
"8722" "8722"
"8723" NA
"8723" "8723"
"8724" NA
"8724" "8724"
"8726" NA
"8726" "8726"
"8727" NA
"8727" "8727"
"8728" NA
"8728" "8728"
"8729" NA
"8729" "8729"
"8731" NA
"8731" "8731"
"8732" NA
"8732" "8732"
"8733" NA
"8733" "8733"
"8734" NA
"8734" "8734"
"8737" NA
"8737" "8737"
"8739" NA
"8739" "8739"
"8740" NA
"8740" "8740"
"8741" NA
"8741" "8741"
"8742" NA
"8742" "8742"
"8744" NA
"8744" "8744"
"8745" NA
"8745" "8745"
"8747" NA
"8747" "8747"
"8749" NA
"8749" "8749"
"8750" NA
"8750" "8750"
"8751" NA
"8751" "8751"
"8752" NA
"8752" "8752"
"8754" NA
"8754" "8754"
"8755" NA
"8755" "8755"
"8756" NA
"8756" "8756"
"8757" NA
"8757" "8757"
"8758" NA
"8758" "8758"
"8759" NA
"8759" "8759"
"8762" NA
"8762" "8762"
"8764" NA
"8764" "8764"
"8766" NA
"8766" "8766"
"8767" NA
"8767" "8767"
"8768" NA
"8768" "8768"
"8769" NA
"8769" "8769"
"8770" NA
"8770" "8770"
"8771" NA
"8771" "8771"
"8772" NA
"8772" "8772"
"8774" NA
"8774" "8774"
"8775" NA
"8775" "8775"
"8776" NA
"8776" "8776"
"8778" NA
"8778" "8778"
"8779" NA
"8779" "8779"
"8782" NA
"8782" "8782"
"8783" NA
"8783" "8783"
"8784" NA
"8784" "8784"
"8785" NA
"8785" "8785"
"8787" NA
"8787" "8787"
"8788" NA
"8788" "8788"
"8792" NA
"8792" "8792"
"8793" NA
"8793" "8793"
"8795" NA
"8795" "8795"
"8797" NA
"8797" "8797"
"8798" NA
"8798" "8798"
"8799" NA
"8799" "8799"
"8801" NA
"8801" "8801"
"8803" NA
"8803" "8803"
"8805" NA
"8805" "8805"
"8806" NA
"8806" "8806"
"8807" NA
"8807" "8807"
"8808" NA
"8808" "8808"
"8810" NA
"8810" "8810"
"8811" NA
"8811" "8811"
"8812" NA
"8812" "8812"
"8813" NA
"8813" "8813"
"8815" NA
"8815" "8815"
"8816" NA
"8816" "8816"
"8817" "evil"
"8819" NA
"8819" "8819"
"8821" NA
"8821" "8821"
"8822" NA
"8822" "8822"
"8824" NA
"8824" "8824"
"8825" NA
"8825" "8825"
"8826" NA
"8826" "8826"
"8827" NA
"8827" "8827"
"8830" NA
"8830" "8830"
"8833" NA
"8833" "8833"
"8836" NA
"8836" "8836"
"8837" NA
"8837" "8837"
"8838" NA
"8838" "8838"
"8839" NA
"8839" "8839"
"8840" NA
"8840" "8840"
"8841" NA
"8841" "8841"
"8842" NA
"8842" "8842"
"8843" NA
"8843" "8843"
"8844" NA
"8844" "8844"
"8845" NA
"8845" "8845"
"8846" NA
"8846" "8846"
"8847" NA
"8847" "8847"
"8848" NA
"8848" "8848"
"8849" NA
"8849" "8849"
"8851" NA
"8851" "8851"
"8852" NA
"8852" "8852"
"8853" NA
"8853" "8853"
"8854" NA
"8854" "8854"
"8855" NA
"8855" "8855"
"8856" NA
"8856" "8856"
"8857" NA
"8857" "8857"
"8858" NA
"8858" "8858"
"8859" NA
"8859" "8859"
"8860" NA
"8860" "8860"
"8861" NA
"8861" "8861"
"8862" NA
"8862" "8862"
"8863" NA
"8863" "8863"
"8864" NA
"8864" "8864"
"8865" NA
"8865" "8865"
"8866" NA
"8866" "8866"
"8867" NA
"8867" "8867"
"8868" NA
"8868" "8868"
"8869" NA
"8869" "8869"
"8870" NA
"8870" "8870"
"8871" NA
"8871" "8871"
"8872" NA
"8872" "8872"
"8873" NA
"8873" "8873"
"8874" NA
"8874" "8874"
"8875" NA
"8875" "8875"
"8876" NA
"8876" "8876"
"8877" NA
"8877" "8877"
"8878" NA
"8878" "8878"
"8879" NA
"8879" "8879"
"8880" NA
"8880" "8880"
"8881" NA
"8881" "8881"
"8883" NA
"8883" "8883"
"8884" NA
"8884" "8884"
"8885" NA
"8885" "8885"
"8886" NA
"8886" "8886"
"8888" NA
"8888" "8888"
"8889" NA
"8889" "8889"
"8890" NA
"8890" "8890"
"8891" NA
"8891" "8891"
"8892" NA
"8892" "8892"
"8894" NA
"8894" "8894"
"8897" NA
"8897" "8897"
"8898" NA
"8898" "8898"
"8899" NA
"8899" "8899"
"8900" NA
"8900" "8900"
"8901" NA
"8901" "8901"
"8902" NA
"8902" "8902"
"8903" NA
"8903" "8903"
"8904" NA
"8904" "8904"
"8906" NA
"8906" "8906"
"8907" NA
"8907" "8907"
"8908" NA
"8908" "8908"
"8909" NA
"8909" "8909"
"8910" NA
"8910" "8910"
"8913" NA
"8913" "8913"
"8914" NA
"8914" "8914"
"8915" NA
"8915" "8915"
"8916" NA
"8916" "8916"
"8917" NA
"8917" "8917"
"8918" NA
"8918" "8918"
"8920" NA
"8920" "8920"
"8921" NA
"8921" "8921"
"8923" NA
"8923" "8923"
"8924" NA
"8924" "8924"
"8925" NA
"8925" "8925"
"8927" NA
"8927" "8927"
"8929" NA
"8929" "8929"
"8930" NA
"8930" "8930"
"8932" NA
"8932" "8932"
"8933" NA
"8933" "8933"
"8934" NA
"8934" "8934"
"8935" NA
"8935" "8935"
"8936" NA
"8936" "8936"
"8937" NA
"8937" "8937"
"8938" "#-pleasant"
"8939" NA
"8939" "8939"
"8940" NA
"8940" "8940"
"8941" NA
"8941" "8941"
"8942" NA
"8942" "8942"
"8943" NA
"8943" "8943"
"8944" NA
"8944" "8944"
"8945" NA
"8945" "8945"
"8946" NA
"8946" "8946"
"8947" NA
"8947" "8947"
"8948" NA
"8948" "8948"
"8950" NA
"8950" "8950"
"8951" NA
"8951" "8951"
"8952" NA
"8952" "8952"
"8953" NA
"8953" "8953"
"8955" NA
"8955" "8955"
"8956" NA
"8956" "8956"
"8957" NA
"8957" "8957"
"8958" NA
"8958" "8958"
"8959" NA
"8959" "8959"
"8960" NA
"8960" "8960"
"8961" NA
"8961" "8961"
"8963" NA
"8963" "8963"
"8964" NA
"8964" "8964"
"8965" NA
"8965" "8965"
"8966" NA
"8966" "8966"
"8967" NA
"8967" "8967"
"8968" NA
"8968" "8968"
"8969" NA
"8969" "8969"
"8970" NA
"8970" "8970"
"8971" NA
"8971" "8971"
"8972" NA
"8972" "8972"
"8973" NA
"8973" "8973"
"8974" NA
"8974" "8974"
"8975" NA
"8975" "8975"
"8976" NA
"8976" "8976"
"8977" NA
"8977" "8977"
"8979" NA
"8979" "8979"
"8982" NA
"8982" "8982"
"8983" NA
"8983" "8983"
"8984" NA
"8984" "8984"
"8985" NA
"8985" "8985"
"8986" NA
"8986" "8986"
"8987" NA
"8987" "8987"
"8988" NA
"8988" "8988"
"8989" NA
"8989" "8989"
"8990" NA
"8990" "8990"
"8991" NA
"8991" "8991"
"8992" NA
"8992" "8992"
"8993" NA
"8993" "8993"
"8994" NA
"8994" "8994"
"8995" NA
"8995" "8995"
"8996" NA
"8996" "8996"
"8998" NA
"8998" "8998"
"8999" NA
"8999" "8999"
"9000" NA
"9000" "9000"
"9001" NA
"9001" "9001"
"9006" NA
"9006" "9006"
"9008" NA
"9008" "9008"
"9009" NA
"9009" "9009"
"9010" NA
"9010" "9010"
"9012" NA
"9012" "9012"
"9013" NA
"9013" "9013"
"9014" NA
"9014" "9014"
"9016" NA
"9016" "9016"
"9017" NA
"9017" "9017"
"9018" NA
"9018" "9018"
"9019" NA
"9019" "9019"
"9020" NA
"9020" "9020"
"9021" NA
"9021" "9021"
"9022" NA
"9022" "9022"
"9023" NA
"9023" "9023"
"9024" NA
"9024" "9024"
"9027" NA
"9027" "9027"
"9028" NA
"9028" "9028"
"9029" NA
"9029" "9029"
"9030" NA
"9030" "9030"
"9032" NA
"9032" "9032"
"9033" NA
"9033" "9033"
"9036" NA
"9036" "9036"
"9038" NA
"9038" "9038"
"9039" NA
"9039" "9039"
"9040" NA
"9040" "9040"
"9041" NA
"9041" "9041"
"9042" NA
"9042" "9042"
"9043" NA
"9043" "9043"
"9044" NA
"9044" "9044"
"9045" NA
"9045" "9045"
"9046" NA
"9046" "9046"
"9048" NA
"9048" "9048"
"9049" NA
"9049" "9049"
"9051" NA
"9051" "9051"
"9052" NA
"9052" "9052"
"9053" NA
"9053" "9053"
"9055" NA
"9055" "9055"
"9057" NA
"9057" "9057"
"9058" NA
"9058" "9058"
"9059" NA
"9059" "9059"
"9060" NA
"9060" "9060"
"9061" NA
"9061" "9061"
"9062" NA
"9062" "9062"
"9063" NA
"9063" "9063"
"9064" NA
"9064" "9064"
"9065" "courteous"
"9066" NA
"9066" "9066"
"9067" NA
"9067" "9067"
"9068" NA
"9068" "9068"
"9071" NA
"9071" "9071"
"9072" NA
"9072" "9072"
"9073" NA
"9073" "9073"
"9074" NA
"9074" "9074"
"9076" NA
"9076" "9076"
"9078" NA
"9078" "9078"
"9079" NA
"9079" "9079"
"9080" NA
"9080" "9080"
"9081" NA
"9081" "9081"
"9082" "unpopular"
"9083" NA
"9083" "9083"
"9088" NA
"9088" "9088"
"9089" NA
"9089" "9089"
"9091" NA
"9091" "9091"
"9092" NA
"9092" "9092"
"9093" NA
"9093" "9093"
"9094" NA
"9094" "9094"
"9098" NA
"9098" "9098"
"9099" "furious"
"9100" NA
"9100" "9100"
"9102" NA
"9102" "9102"
"9103" NA
"9103" "9103"
"9104" NA
"9104" "9104"
"9105" NA
"9105" "9105"
"9106" NA
"9106" "9106"
"9107" NA
"9107" "9107"
"9108" NA
"9108" "9108"
"9109" NA
"9109" "9109"
"9113" NA
"9113" "9113"
"9114" NA
"9114" "9114"
"9115" NA
"9115" "9115"
"9116" NA
"9116" "9116"
"9117" NA
"9117" "9117"
"9118" NA
"9118" "9118"
"9119" NA
"9119" "9119"
"9121" NA
"9121" "9121"
"9122" "kind-hearted"
"9124" NA
"9124" "9124"
"9127" NA
"9127" "9127"
"9128" NA
"9128" "9128"
"9129" NA
"9129" "9129"
"9130" NA
"9130" "9130"
"9131" NA
"9131" "9131"
"9132" NA
"9132" "9132"
"9134" NA
"9134" "9134"
"9138" NA
"9138" "9138"
"9144" NA
"9144" "9144"
"9145" NA
"9145" "9145"
"9146" NA
"9146" "9146"
"9147" NA
"9147" "9147"
"9148" NA
"9148" "9148"
"9149" NA
"9149" "9149"
"9150" NA
"9150" "9150"
"9151" NA
"9151" "9151"
"9152" NA
"9152" "9152"
"9153" NA
"9153" "9153"
"9154" NA
"9154" "9154"
"9156" NA
"9156" "9156"
"9157" NA
"9157" "9157"
"9158" NA
"9158" "9158"
"9159" NA
"9159" "9159"
"9160" NA
"9160" "9160"
"9161" NA
"9161" "9161"
"9163" NA
"9163" "9163"
"9165" NA
"9165" "9165"
"9170" NA
"9170" "9170"
"9172" NA
"9172" "9172"
"9174" NA
"9174" "9174"
"9175" NA
"9175" "9175"
"9176" NA
"9176" "9176"
"9177" NA
"9177" "9177"
"9179" NA
"9179" "9179"
"9180" NA
"9180" "9180"
"9181" NA
"9181" "9181"
"9182" NA
"9182" "9182"
"9184" NA
"9184" "9184"
"9185" NA
"9185" "9185"
"9186" NA
"9186" "9186"
"9187" "lonesome"
"9189" NA
"9189" "9189"
"9190" NA
"9190" "9190"
"9191" NA
"9191" "9191"
"9192" NA
"9192" "9192"
"9195" NA
"9195" "9195"
"9196" NA
"9196" "9196"
"9199" NA
"9199" "9199"
"9204" NA
"9204" "9204"
"9205" NA
"9205" "9205"
"9207" NA
"9207" "9207"
"9209" NA
"9209" "9209"
"9210" NA
"9210" "9210"
"9212" NA
"9212" "9212"
"9213" NA
"9213" "9213"
"9214" NA
"9214" "9214"
"9215" NA
"9215" "9215"
"9216" NA
"9216" "9216"
"9217" NA
"9217" "9217"
"9219" NA
"9219" "9219"
"9222" NA
"9222" "9222"
"9223" NA
"9223" "9223"
"9224" NA
"9224" "9224"
"9225" NA
"9225" "9225"
"9226" NA
"9226" "9226"
"9227" NA
"9227" "9227"
"9228" NA
"9228" "9228"
"9229" NA
"9229" "9229"
"9232" NA
"9232" "9232"
"9233" NA
"9233" "9233"
"9234" NA
"9234" "9234"
"9235" NA
"9235" "9235"
"9236" NA
"9236" "9236"
"9237" NA
"9237" "9237"
"9238" NA
"9238" "9238"
"9239" NA
"9239" "9239"
"9240" NA
"9240" "9240"
"9241" NA
"9241" "9241"
"9242" NA
"9242" "9242"
"9243" NA
"9243" "9243"
"9244" NA
"9244" "9244"
"9245" NA
"9245" "9245"
"9246" NA
"9246" "9246"
"9247" NA
"9247" "9247"
"9248" NA
"9248" "9248"
"9249" NA
"9249" "9249"
"9250" NA
"9250" "9250"
"9251" NA
"9251" "9251"
"9252" NA
"9252" "9252"
"9254" NA
"9254" "9254"
"9255" NA
"9255" "9255"
"9256" NA
"9256" "9256"
"9257" NA
"9257" "9257"
"9259" NA
"9259" "9259"
"9260" NA
"9260" "9260"
"9261" NA
"9261" "9261"
"9262" NA
"9262" "9262"
"9263" NA
"9263" "9263"
"9264" NA
"9264" "9264"
"9265" NA
"9265" "9265"
"9266" NA
"9266" "9266"
"9267" NA
"9267" "9267"
"9268" NA
"9268" "9268"
"9269" NA
"9269" "9269"
"9270" NA
"9270" "9270"
"9271" NA
"9271" "9271"
"9272" NA
"9272" "9272"
"9273" NA
"9273" "9273"
"9274" NA
"9274" "9274"
"9275" NA
"9275" "9275"
"9276" NA
"9276" "9276"
"9277" NA
"9277" "9277"
"9278" NA
"9278" "9278"
"9279" NA
"9279" "9279"
"9280" NA
"9280" "9280"
"9281" NA
"9281" "9281"
"9282" NA
"9282" "9282"
"9283" NA
"9283" "9283"
"9284" NA
"9284" "9284"
"9285" NA
"9285" "9285"
"9286" NA
"9286" "9286"
"9287" NA
"9287" "9287"
"9289" NA
"9289" "9289"
"9290" NA
"9290" "9290"
"9291" NA
"9291" "9291"
"9292" NA
"9292" "9292"
"9293" NA
"9293" "9293"
"9295" NA
"9295" "9295"
"9296" NA
"9296" "9296"
"9297" NA
"9297" "9297"
"9300" NA
"9300" "9300"
"9301" NA
"9301" "9301"
"9302" NA
"9302" "9302"
"9303" NA
"9303" "9303"
"9305" NA
"9305" "9305"
"9306" NA
"9306" "9306"
"9307" NA
"9307" "9307"
"9308" NA
"9308" "9308"
"9309" NA
"9309" "9309"
"9310" NA
"9310" "9310"
"9311" NA
"9311" "9311"
"9312" NA
"9312" "9312"
"9314" NA
"9314" "9314"
"9315" NA
"9315" "9315"
"9316" NA
"9316" "9316"
"9317" NA
"9317" "9317"
"9318" NA
"9318" "9318"
"9319" NA
"9319" "9319"
"9320" NA
"9320" "9320"
"9321" NA
"9321" "9321"
"9322" NA
"9322" "9322"
"9324" NA
"9324" "9324"
"9326" NA
"9326" "9326"
"9327" NA
"9327" "9327"
"9328" NA
"9328" "9328"
"9329" NA
"9329" "9329"
"9331" NA
"9331" "9331"
"9332" NA
"9332" "9332"
"9333" NA
"9333" "9333"
"9334" NA
"9334" "9334"
"9335" NA
"9335" "9335"
"9336" NA
"9336" "9336"
"9338" NA
"9338" "9338"
"9339" NA
"9339" "9339"
"9340" NA
"9340" "9340"
"9341" NA
"9341" "9341"
"9342" NA
"9342" "9342"
"9343" NA
"9343" "9343"
"9344" NA
"9344" "9344"
"9345" NA
"9345" "9345"
"9346" NA
"9346" "9346"
"9347" NA
"9347" "9347"
"9348" NA
"9348" "9348"
"9349" NA
"9349" "9349"
"9350" NA
"9350" "9350"
"9351" NA
"9351" "9351"
"9352" NA
"9352" "9352"
"9353" NA
"9353" "9353"
"9354" NA
"9354" "9354"
"9355" NA
"9355" "9355"
"9356" NA
"9356" "9356"
"9357" NA
"9357" "9357"
"9359" NA
"9359" "9359"
"9361" NA
"9361" "9361"
"9363" NA
"9363" "9363"
"9364" NA
"9364" "9364"
"9365" NA
"9365" "9365"
"9366" NA
"9366" "9366"
"9367" NA
"9367" "9367"
"9368" NA
"9368" "9368"
"9370" NA
"9370" "9370"
"9371" NA
"9371" "9371"
"9372" NA
"9372" "9372"
"9373" NA
"9373" "9373"
"9374" NA
"9374" "9374"
"9375" NA
"9375" "9375"
"9376" NA
"9376" "9376"
"9377" NA
"9377" "9377"
"9378" NA
"9378" "9378"
"9379" NA
"9379" "9379"
"9380" NA
"9380" "9380"
"9381" NA
"9381" "9381"
"9382" NA
"9382" "9382"
"9383" NA
"9383" "9383"
"9384" NA
"9384" "9384"
"9385" NA
"9385" "9385"
"9386" NA
"9386" "9386"
"9387" NA
"9387" "9387"
"9388" NA
"9388" "9388"
"9389" NA
"9389" "9389"
"9390" NA
"9390" "9390"
"9391" NA
"9391" "9391"
"9394" NA
"9394" "9394"
"9395" NA
"9395" "9395"
"9396" NA
"9396" "9396"
"9397" NA
"9397" "9397"
"9398" NA
"9398" "9398"
"9400" NA
"9400" "9400"
"9401" NA
"9401" "9401"
"9402" NA
"9402" "9402"
"9403" NA
"9403" "9403"
"9404" NA
"9404" "9404"
"9405" NA
"9405" "9405"
"9406" NA
"9406" "9406"
"9407" NA
"9407" "9407"
"9408" NA
"9408" "9408"
"9409" NA
"9409" "9409"
"9410" NA
"9410" "9410"
"9411" NA
"9411" "9411"
"9412" NA
"9412" "9412"
"9413" NA
"9413" "9413"
"9414" NA
"9414" "9414"
"9415" NA
"9415" "9415"
"9416" NA
"9416" "9416"
"9417" NA
"9417" "9417"
"9418" NA
"9418" "9418"
"9420" NA
"9420" "9420"
"9421" NA
"9421" "9421"
"9422" NA
"9422" "9422"
"9423" NA
"9423" "9423"
"9424" NA
"9424" "9424"
"9426" NA
"9426" "9426"
"9427" NA
"9427" "9427"
"9428" NA
"9428" "9428"
"9429" NA
"9429" "9429"
"9430" NA
"9430" "9430"
"9432" NA
"9432" "9432"
"9433" NA
"9433" "9433"
"9434" NA
"9434" "9434"
"9436" NA
"9436" "9436"
"9437" NA
"9437" "9437"
"9438" NA
"9438" "9438"
"9439" NA
"9439" "9439"
"9440" NA
"9440" "9440"
"9441" NA
"9441" "9441"
"9442" "#-glad"
"9443" NA
"9443" "9443"
"9444" NA
"9444" "9444"
"9445" NA
"9445" "9445"
"9446" NA
"9446" "9446"
"9447" NA
"9447" "9447"
"9448" NA
"9448" "9448"
"9450" NA
"9450" "9450"
"9451" NA
"9451" "9451"
"9452" NA
"9452" "9452"
"9453" NA
"9453" "9453"
"9454" NA
"9454" "9454"
"9455" NA
"9455" "9455"
"9456" NA
"9456" "9456"
"9457" NA
"9457" "9457"
"9459" NA
"9459" "9459"
"9460" NA
"9460" "9460"
"9462" NA
"9462" "9462"
"9464" NA
"9464" "9464"
"9465" NA
"9465" "9465"
"9466" NA
"9466" "9466"
"9467" NA
"9467" "9467"
"9468" NA
"9468" "9468"
"9469" NA
"9469" "9469"
"9470" NA
"9470" "9470"
"9471" NA
"9471" "9471"
"9472" NA
"9472" "9472"
"9473" NA
"9473" "9473"
"9474" NA
"9474" "9474"
"9475" NA
"9475" "9475"
"9476" NA
"9476" "9476"
"9477" NA
"9477" "9477"
"9478" NA
"9478" "9478"
"9479" NA
"9479" "9479"
"9480" NA
"9480" "9480"
"9482" NA
"9482" "9482"
"9484" NA
"9484" "9484"
"9485" NA
"9485" "9485"
"9486" NA
"9486" "9486"
"9488" NA
"9488" "9488"
"9489" NA
"9489" "9489"
"9492" NA
"9492" "9492"
"9493" NA
"9493" "9493"
"9494" NA
"9494" "9494"
"9495" NA
"9495" "9495"
"9496" NA
"9496" "9496"
"9497" NA
"9497" "9497"
"9503" NA
"9503" "9503"
"9504" NA
"9504" "9504"
"9505" NA
"9505" "9505"
"9506" NA
"9506" "9506"
"9509" NA
"9509" "9509"
"9510" NA
"9510" "9510"
"9511" "#-ridiculous"
"9512" NA
"9512" "9512"
"9514" NA
"9514" "9514"
"9515" NA
"9515" "9515"
"9516" NA
"9516" "9516"
"9517" NA
"9517" "9517"
"9520" NA
"9520" "9520"
"9523" NA
"9523" "9523"
"9525" NA
"9525" "9525"
"9527" NA
"9527" "9527"
"9528" NA
"9528" "9528"
"9529" NA
"9529" "9529"
"9530" NA
"9530" "9530"
"9532" NA
"9532" "9532"
"9533" NA
"9533" "9533"
"9534" NA
"9534" "9534"
"9535" NA
"9535" "9535"
"9536" NA
"9536" "9536"
"9537" NA
"9537" "9537"
"9538" NA
"9538" "9538"
"9540" NA
"9540" "9540"
"9541" NA
"9541" "9541"
"9542" NA
"9542" "9542"
"9544" NA
"9544" "9544"
"9545" NA
"9545" "9545"
"9546" NA
"9546" "9546"
"9547" NA
"9547" "9547"
"9548" NA
"9548" "9548"
"9549" NA
"9549" "9549"
"9550" NA
"9550" "9550"
"9551" NA
"9551" "9551"
"9552" NA
"9552" "9552"
"9553" NA
"9553" "9553"
"9554" NA
"9554" "9554"
"9555" NA
"9555" "9555"
"9556" NA
"9556" "9556"
"9557" NA
"9557" "9557"
"9558" NA
"9558" "9558"
"9559" NA
"9559" "9559"
"9560" NA
"9560" "9560"
"9561" NA
"9561" "9561"
"9562" NA
"9562" "9562"
"9563" NA
"9563" "9563"
"9564" NA
"9564" "9564"
"9565" NA
"9565" "9565"
"9566" NA
"9566" "9566"
"9567" NA
"9567" "9567"
"9568" NA
"9568" "9568"
"9569" NA
"9569" "9569"
"9570" NA
"9570" "9570"
"9571" NA
"9571" "9571"
"9572" NA
"9572" "9572"
"9573" NA
"9573" "9573"
"9574" NA
"9574" "9574"
"9575" NA
"9575" "9575"
"9576" NA
"9576" "9576"
"9577" NA
"9577" "9577"
"9578" NA
"9578" "9578"
"9579" NA
"9579" "9579"
"9582" NA
"9582" "9582"
"9583" NA
"9583" "9583"
"9584" NA
"9584" "9584"
"9585" NA
"9585" "9585"
"9586" NA
"9586" "9586"
"9588" NA
"9588" "9588"
"9589" NA
"9589" "9589"
"9590" NA
"9590" "9590"
"9591" NA
"9591" "9591"
"9592" NA
"9592" "9592"
"9594" NA
"9594" "9594"
"9595" NA
"9595" "9595"
"9596" NA
"9596" "9596"
"9597" NA
"9597" "9597"
"9598" NA
"9598" "9598"
"9599" NA
"9599" "9599"
"9601" NA
"9601" "9601"
"9602" NA
"9602" "9602"
"9603" NA
"9603" "9603"
"9604" NA
"9604" "9604"
"9605" NA
"9605" "9605"
"9606" NA
"9606" "9606"
"9608" NA
"9608" "9608"
"9609" NA
"9609" "9609"
"9610" NA
"9610" "9610"
"9612" NA
"9612" "9612"
"9613" NA
"9613" "9613"
"9614" NA
"9614" "9614"
"9615" NA
"9615" "9615"
"9616" NA
"9616" "9616"
"9617" NA
"9617" "9617"
"9618" NA
"9618" "9618"
"9619" NA
"9619" "9619"
"9620" NA
"9620" "9620"
"9621" NA
"9621" "9621"
"9622" NA
"9622" "9622"
"9623" NA
"9623" "9623"
"9624" NA
"9624" "9624"
"9625" NA
"9625" "9625"
"9626" NA
"9626" "9626"
"9627" NA
"9627" "9627"
"9628" NA
"9628" "9628"
"9629" NA
"9629" "9629"
"9631" NA
"9631" "9631"
"9632" NA
"9632" "9632"
"9634" NA
"9634" "9634"
"9635" NA
"9635" "9635"
"9636" NA
"9636" "9636"
"9637" NA
"9637" "9637"
"9638" NA
"9638" "9638"
"9639" NA
"9639" "9639"
"9640" NA
"9640" "9640"
"9642" NA
"9642" "9642"
"9643" NA
"9643" "9643"
"9645" NA
"9645" "9645"
"9646" NA
"9646" "9646"
"9647" NA
"9647" "9647"
"9649" NA
"9649" "9649"
"9650" NA
"9650" "9650"
"9651" NA
"9651" "9651"
"9652" NA
"9652" "9652"
"9653" NA
"9653" "9653"
"9654" NA
"9654" "9654"
"9655" NA
"9655" "9655"
"9657" NA
"9657" "9657"
"9658" NA
"9658" "9658"
"9659" NA
"9659" "9659"
"9660" NA
"9660" "9660"
"9661" NA
"9661" "9661"
"9663" NA
"9663" "9663"
"9664" NA
"9664" "9664"
"9665" NA
"9665" "9665"
"9666" NA
"9666" "9666"
"9667" NA
"9667" "9667"
"9669" NA
"9669" "9669"
"9670" NA
"9670" "9670"
"9671" NA
"9671" "9671"
"9672" NA
"9672" "9672"
"9673" NA
"9673" "9673"
"9674" NA
"9674" "9674"
"9675" NA
"9675" "9675"
"9676" NA
"9676" "9676"
"9678" NA
"9678" "9678"
"9679" NA
"9679" "9679"
"9680" NA
"9680" "9680"
"9681" NA
"9681" "9681"
"9682" NA
"9682" "9682"
"9683" NA
"9683" "9683"
"9684" NA
"9684" "9684"
"9686" NA
"9686" "9686"
"9687" NA
"9687" "9687"
"9688" NA
"9688" "9688"
"9689" NA
"9689" "9689"
"9690" NA
"9690" "9690"
"9691" NA
"9691" "9691"
"9692" NA
"9692" "9692"
"9693" NA
"9693" "9693"
"9694" NA
"9694" "9694"
"9695" NA
"9695" "9695"
"9696" NA
"9696" "9696"
"9697" NA
"9697" "9697"
"9698" NA
"9698" "9698"
"9699" NA
"9699" "9699"
"9700" NA
"9700" "9700"
"9701" NA
"9701" "9701"
"9702" NA
"9702" "9702"
"9703" NA
"9703" "9703"
"9706" NA
"9706" "9706"
"9707" NA
"9707" "9707"
"9709" NA
"9709" "9709"
"9712" NA
"9712" "9712"
"9715" NA
"9715" "9715"
"9716" NA
"9716" "9716"
"9717" NA
"9717" "9717"
"9720" NA
"9720" "9720"
"9721" NA
"9721" "9721"
"9722" NA
"9722" "9722"
"9723" NA
"9723" "9723"
"9724" NA
"9724" "9724"
"9725" NA
"9725" "9725"
"9727" NA
"9727" "9727"
"9728" NA
"9728" "9728"
"9729" NA
"9729" "9729"
"9730" NA
"9730" "9730"
"9732" NA
"9732" "9732"
"9733" NA
"9733" "9733"
"9734" NA
"9734" "9734"
"9735" NA
"9735" "9735"
"9736" NA
"9736" "9736"
"9737" NA
"9737" "9737"
"9738" NA
"9738" "9738"
"9739" NA
"9739" "9739"
"9740" NA
"9740" "9740"
"9741" NA
"9741" "9741"
"9742" NA
"9742" "9742"
"9743" NA
"9743" "9743"
"9744" NA
"9744" "9744"
"9745" NA
"9745" "9745"
"9746" NA
"9746" "9746"
"9747" NA
"9747" "9747"
"9748" NA
"9748" "9748"
"9749" NA
"9749" "9749"
"9750" NA
"9750" "9750"
"9751" NA
"9751" "9751"
"9752" NA
"9752" "9752"
"9755" NA
"9755" "9755"
"9756" NA
"9756" "9756"
"9758" NA
"9758" "9758"
"9759" NA
"9759" "9759"
"9760" NA
"9760" "9760"
"9764" NA
"9764" "9764"
"9767" NA
"9767" "9767"
"9768" NA
"9768" "9768"
"9769" NA
"9769" "9769"
"9770" NA
"9770" "9770"
"9771" NA
"9771" "9771"
"9772" NA
"9772" "9772"
"9773" NA
"9773" "9773"
"9774" NA
"9774" "9774"
"9776" NA
"9776" "9776"
"9777" NA
"9777" "9777"
"9778" NA
"9778" "9778"
"9782" NA
"9782" "9782"
"9783" NA
"9783" "9783"
"9785" NA
"9785" "9785"
"9786" NA
"9786" "9786"
"9788" NA
"9788" "9788"
"9795" NA
"9795" "9795"
"9796" NA
"9796" "9796"
"9798" NA
"9798" "9798"
"9799" NA
"9799" "9799"
"9800" NA
"9800" "9800"
"9801" NA
"9801" "9801"
"9802" NA
"9802" "9802"
"9803" NA
"9803" "9803"
"9805" NA
"9805" "9805"
"9807" NA
"9807" "9807"
"9808" NA
"9808" "9808"
"9809" NA
"9809" "9809"
"9810" NA
"9810" "9810"
"9811" NA
"9811" "9811"
"9812" NA
"9812" "9812"
"9813" NA
"9813" "9813"
"9814" NA
"9814" "9814"
"9815" NA
"9815" "9815"
"9816" NA
"9816" "9816"
"9817" NA
"9817" "9817"
"9818" NA
"9818" "9818"
"9820" NA
"9820" "9820"
"9821" NA
"9821" "9821"
"9822" NA
"9822" "9822"
"9825" NA
"9825" "9825"
"9826" NA
"9826" "9826"
"9828" NA
"9828" "9828"
"9829" NA
"9829" "9829"
"9830" NA
"9830" "9830"
"9831" NA
"9831" "9831"
"9832" NA
"9832" "9832"
"9833" NA
"9833" "9833"
"9834" NA
"9834" "9834"
"9835" NA
"9835" "9835"
"9836" NA
"9836" "9836"
"9837" NA
"9837" "9837"
"9839" NA
"9839" "9839"
"9840" NA
"9840" "9840"
"9842" NA
"9842" "9842"
"9843" NA
"9843" "9843"
"9844" NA
"9844" "9844"
"9845" "prominent"
"9847" NA
"9847" "9847"
"9848" NA
"9848" "9848"
"9852" NA
"9852" "9852"
"9854" NA
"9854" "9854"
"9855" NA
"9855" "9855"
"9856" NA
"9856" "9856"
"9857" NA
"9857" "9857"
"9858" NA
"9858" "9858"
"9859" NA
"9859" "9859"
"9860" NA
"9860" "9860"
"9861" NA
"9861" "9861"
"9863" NA
"9863" "9863"
"9864" NA
"9864" "9864"
"9865" NA
"9865" "9865"
"9866" NA
"9866" "9866"
"9868" NA
"9868" "9868"
"9869" NA
"9869" "9869"
"9870" NA
"9870" "9870"
"9872" NA
"9872" "9872"
"9873" NA
"9873" "9873"
"9874" NA
"9874" "9874"
"9875" "irritable"
"9876" NA
"9876" "9876"
"9877" NA
"9877" "9877"
"9878" NA
"9878" "9878"
"9879" NA
"9879" "9879"
"9880" NA
"9880" "9880"
"9881" NA
"9881" "9881"
"9882" NA
"9882" "9882"
"9883" NA
"9883" "9883"
"9884" NA
"9884" "9884"
"9885" NA
"9885" "9885"
"9888" NA
"9888" "9888"
"9889" NA
"9889" "9889"
"9890" NA
"9890" "9890"
"9891" NA
"9891" "9891"
"9892" NA
"9892" "9892"
"9893" NA
"9893" "9893"
"9894" NA
"9894" "9894"
"9895" NA
"9895" "9895"
"9896" NA
"9896" "9896"
"9897" NA
"9897" "9897"
"9898" NA
"9898" "9898"
"9899" NA
"9899" "9899"
"9900" NA
"9900" "9900"
"9901" NA
"9901" "9901"
"9902" NA
"9902" "9902"
"9904" NA
"9904" "9904"
"9905" NA
"9905" "9905"
"9906" NA
"9906" "9906"
"9907" NA
"9907" "9907"
"9909" NA
"9909" "9909"
"9910" NA
"9910" "9910"
"9911" NA
"9911" "9911"
"9913" NA
"9913" "9913"
"9914" NA
"9914" "9914"
"9915" NA
"9915" "9915"
"9916" NA
"9916" "9916"
"9917" NA
"9917" "9917"
"9918" "dependent"
"9921" NA
"9921" "9921"
"9923" NA
"9923" "9923"
"9924" NA
"9924" "9924"
"9925" NA
"9925" "9925"
"9926" NA
"9926" "9926"
"9927" "#-skilled"
"9928" NA
"9928" "9928"
"9931" NA
"9931" "9931"
"9934" NA
"9934" "9934"
"9935" NA
"9935" "9935"
"9936" NA
"9936" "9936"
"9938" NA
"9938" "9938"
"9939" NA
"9939" "9939"
"9940" NA
"9940" "9940"
"9941" NA
"9941" "9941"
"9944" NA
"9944" "9944"
"9946" NA
"9946" "9946"
"9948" NA
"9948" "9948"
"9949" NA
"9949" "9949"
"9950" NA
"9950" "9950"
"9951" NA
"9951" "9951"
"9952" NA
"9952" "9952"
"9953" NA
"9953" "9953"
"9954" NA
"9954" "9954"
"9955" NA
"9955" "9955"
"9956" NA
"9956" "9956"
"9957" NA
"9957" "9957"
"9958" NA
"9958" "9958"
"9959" NA
"9959" "9959"
"9960" NA
"9960" "9960"
"9962" NA
"9962" "9962"
"9963" NA
"9963" "9963"
"9964" NA
"9964" "9964"
"9965" NA
"9965" "9965"
"9966" NA
"9966" "9966"
"9967" NA
"9967" "9967"
"9969" NA
"9969" "9969"
"9970" NA
"9970" "9970"
"9973" NA
"9973" "9973"
"9977" NA
"9977" "9977"
"9981" NA
"9981" "9981"
"9982" NA
"9982" "9982"
"9983" NA
"9983" "9983"
"9985" NA
"9985" "9985"
"9987" NA
"9987" "9987"
"9988" NA
"9988" "9988"
"9990" NA
"9990" "9990"
"9992" NA
"9992" "9992"
"9993" NA
"9993" "9993"
"9994" NA
"9994" "9994"
"9995" NA
"9995" "9995"
"9996" NA
"9996" "9996"
"9998" NA
"9998" "9998"
"9999" NA
"9999" "9999"
"10001" NA
"10001" "10001"
"10002" NA
"10002" "10002"
"10003" NA
"10003" "10003"
"10005" NA
"10005" "10005"
"10006" NA
"10006" "10006"
"10007" NA
"10007" "10007"
"10008" NA
"10008" "10008"
"10009" NA
"10009" "10009"
"10010" NA
"10010" "10010"
"10011" NA
"10011" "10011"
"10012" NA
"10012" "10012"
"10013" NA
"10013" "10013"
"10014" NA
"10014" "10014"
"10015" NA
"10015" "10015"
"10016" NA
"10016" "10016"
"10017" NA
"10017" "10017"
"10018" NA
"10018" "10018"
"10020" NA
"10020" "10020"
"10021" NA
"10021" "10021"
"10025" NA
"10025" "10025"
"10026" NA
"10026" "10026"
"10027" NA
"10027" "10027"
"10028" NA
"10028" "10028"
"10029" NA
"10029" "10029"
"10030" NA
"10030" "10030"
"10031" NA
"10031" "10031"
"10032" NA
"10032" "10032"
"10034" NA
"10034" "10034"
"10035" NA
"10035" "10035"
"10036" NA
"10036" "10036"
"10037" NA
"10037" "10037"
"10039" NA
"10039" "10039"
"10041" NA
"10041" "10041"
"10042" NA
"10042" "10042"
"10043" NA
"10043" "10043"
"10044" NA
"10044" "10044"
"10046" NA
"10046" "10046"
"10047" NA
"10047" "10047"
"10048" NA
"10048" "10048"
"10050" NA
"10050" "10050"
"10051" NA
"10051" "10051"
"10052" NA
"10052" "10052"
"10054" NA
"10054" "10054"
"10056" NA
"10056" "10056"
"10057" NA
"10057" "10057"
"10058" NA
"10058" "10058"
"10059" NA
"10059" "10059"
"10060" NA
"10060" "10060"
"10061" NA
"10061" "10061"
"10064" NA
"10064" "10064"
"10065" NA
"10065" "10065"
"10066" NA
"10066" "10066"
"10067" NA
"10067" "10067"
"10070" NA
"10070" "10070"
"10072" NA
"10072" "10072"
"10073" NA
"10073" "10073"
"10074" NA
"10074" "10074"
"10075" NA
"10075" "10075"
"10077" NA
"10077" "10077"
"10078" NA
"10078" "10078"
"10079" NA
"10079" "10079"
"10081" NA
"10081" "10081"
"10082" NA
"10082" "10082"
"10083" NA
"10083" "10083"
"10084" NA
"10084" "10084"
"10085" NA
"10085" "10085"
"10086" NA
"10086" "10086"
"10087" NA
"10087" "10087"
"10089" NA
"10089" "10089"
"10090" NA
"10090" "10090"
"10091" NA
"10091" "10091"
"10093" NA
"10093" "10093"
"10094" NA
"10094" "10094"
"10096" NA
"10096" "10096"
"10097" NA
"10097" "10097"
"10098" NA
"10098" "10098"
"10099" NA
"10099" "10099"
"10100" NA
"10100" "10100"
"10102" NA
"10102" "10102"
"10103" NA
"10103" "10103"
"10105" NA
"10105" "10105"
"10106" NA
"10106" "10106"
"10107" NA
"10107" "10107"
"10109" NA
"10109" "10109"
"10110" NA
"10110" "10110"
"10111" NA
"10111" "10111"
"10112" NA
"10112" "10112"
"10113" NA
"10113" "10113"
"10115" NA
"10115" "10115"
"10116" NA
"10116" "10116"
"10117" NA
"10117" "10117"
"10118" NA
"10118" "10118"
"10120" NA
"10120" "10120"
"10121" NA
"10121" "10121"
"10122" NA
"10122" "10122"
"10123" NA
"10123" "10123"
"10124" NA
"10124" "10124"
"10125" NA
"10125" "10125"
"10127" NA
"10127" "10127"
"10129" "#-hard"
"10130" NA
"10130" "10130"
"10131" NA
"10131" "10131"
"10132" NA
"10132" "10132"
"10133" NA
"10133" "10133"
"10134" NA
"10134" "10134"
"10135" NA
"10135" "10135"
"10136" NA
"10136" "10136"
"10138" NA
"10138" "10138"
"10139" NA
"10139" "10139"
"10140" "#-little"
"10141" NA
"10141" "10141"
"10142" NA
"10142" "10142"
"10143" NA
"10143" "10143"
"10144" NA
"10144" "10144"
"10145" NA
"10145" "10145"
"10146" NA
"10146" "10146"
"10147" NA
"10147" "10147"
"10149" NA
"10149" "10149"
"10151" NA
"10151" "10151"
"10152" NA
"10152" "10152"
"10153" NA
"10153" "10153"
"10154" NA
"10154" "10154"
"10155" NA
"10155" "10155"
"10156" NA
"10156" "10156"
"10157" NA
"10157" "10157"
"10159" NA
"10159" "10159"
"10160" NA
"10160" "10160"
"10161" NA
"10161" "10161"
"10162" NA
"10162" "10162"
"10164" NA
"10164" "10164"
"10165" NA
"10165" "10165"
"10166" NA
"10166" "10166"
"10167" NA
"10167" "10167"
"10168" NA
"10168" "10168"
"10169" NA
"10169" "10169"
"10170" NA
"10170" "10170"
"10174" NA
"10174" "10174"
"10175" NA
"10175" "10175"
"10176" NA
"10176" "10176"
"10177" NA
"10177" "10177"
"10178" NA
"10178" "10178"
"10179" NA
"10179" "10179"
"10180" NA
"10180" "10180"
"10181" NA
"10181" "10181"
"10183" NA
"10183" "10183"
"10184" NA
"10184" "10184"
"10185" NA
"10185" "10185"
"10186" NA
"10186" "10186"
"10187" NA
"10187" "10187"
"10188" NA
"10188" "10188"
"10189" NA
"10189" "10189"
"10190" NA
"10190" "10190"
"10191" NA
"10191" "10191"
"10193" NA
"10193" "10193"
"10194" NA
"10194" "10194"
"10195" NA
"10195" "10195"
"10196" NA
"10196" "10196"
"10197" NA
"10197" "10197"
"10198" NA
"10198" "10198"
"10199" NA
"10199" "10199"
"10200" NA
"10200" "10200"
"10201" NA
"10201" "10201"
"10203" NA
"10203" "10203"
"10204" NA
"10204" "10204"
"10205" NA
"10205" "10205"
"10206" NA
"10206" "10206"
"10207" NA
"10207" "10207"
"10208" NA
"10208" "10208"
"10209" NA
"10209" "10209"
"10210" NA
"10210" "10210"
"10211" NA
"10211" "10211"
"10212" NA
"10212" "10212"
"10213" NA
"10213" "10213"
"10215" NA
"10215" "10215"
"10216" NA
"10216" "10216"
"10217" NA
"10217" "10217"
"10218" NA
"10218" "10218"
"10219" NA
"10219" "10219"
"10220" NA
"10220" "10220"
"10221" NA
"10221" "10221"
"10222" NA
"10222" "10222"
"10223" NA
"10223" "10223"
"10224" NA
"10224" "10224"
"10225" NA
"10225" "10225"
"10228" NA
"10228" "10228"
"10229" NA
"10229" "10229"
"10230" NA
"10230" "10230"
"10231" NA
"10231" "10231"
"10232" NA
"10232" "10232"
"10234" NA
"10234" "10234"
"10236" NA
"10236" "10236"
"10237" NA
"10237" "10237"
"10238" NA
"10238" "10238"
"10240" NA
"10240" "10240"
"10242" NA
"10242" "10242"
"10243" NA
"10243" "10243"
"10244" NA
"10244" "10244"
"10246" NA
"10246" "10246"
"10247" NA
"10247" "10247"
"10248" NA
"10248" "10248"
"10249" NA
"10249" "10249"
"10250" NA
"10250" "10250"
"10251" NA
"10251" "10251"
"10252" NA
"10252" "10252"
"10253" NA
"10253" "10253"
"10254" NA
"10254" "10254"
"10255" NA
"10255" "10255"
"10256" NA
"10256" "10256"
"10257" NA
"10257" "10257"
"10258" NA
"10258" "10258"
"10259" NA
"10259" "10259"
"10260" NA
"10260" "10260"
"10261" NA
"10261" "10261"
"10262" NA
"10262" "10262"
"10263" NA
"10263" "10263"
"10264" NA
"10264" "10264"
"10266" NA
"10266" "10266"
"10267" NA
"10267" "10267"
"10268" NA
"10268" "10268"
"10269" NA
"10269" "10269"
"10270" NA
"10270" "10270"
"10272" NA
"10272" "10272"
"10273" NA
"10273" "10273"
"10275" NA
"10275" "10275"
"10276" NA
"10276" "10276"
"10277" NA
"10277" "10277"
"10278" NA
"10278" "10278"
"10279" NA
"10279" "10279"
"10281" NA
"10281" "10281"
"10282" NA
"10282" "10282"
"10284" NA
"10284" "10284"
"10285" NA
"10285" "10285"
"10286" NA
"10286" "10286"
"10288" NA
"10288" "10288"
"10289" NA
"10289" "10289"
"10290" NA
"10290" "10290"
"10291" NA
"10291" "10291"
"10292" NA
"10292" "10292"
"10293" NA
"10293" "10293"
"10294" NA
"10294" "10294"
"10295" NA
"10295" "10295"
"10297" NA
"10297" "10297"
"10298" NA
"10298" "10298"
"10300" NA
"10300" "10300"
"10301" NA
"10301" "10301"
"10302" NA
"10302" "10302"
"10303" NA
"10303" "10303"
"10304" NA
"10304" "10304"
"10305" NA
"10305" "10305"
"10306" NA
"10306" "10306"
"10308" NA
"10308" "10308"
"10309" NA
"10309" "10309"
"10310" NA
"10310" "10310"
"10311" NA
"10311" "10311"
"10312" NA
"10312" "10312"
"10316" NA
"10316" "10316"
"10317" NA
"10317" "10317"
"10318" NA
"10318" "10318"
"10319" NA
"10319" "10319"
"10321" NA
"10321" "10321"
"10322" NA
"10322" "10322"
"10323" NA
"10323" "10323"
"10324" NA
"10324" "10324"
"10325" NA
"10325" "10325"
"10328" NA
"10328" "10328"
"10329" NA
"10329" "10329"
"10330" NA
"10330" "10330"
"10331" NA
"10331" "10331"
"10332" NA
"10332" "10332"
"10333" NA
"10333" "10333"
"10334" NA
"10334" "10334"
"10335" NA
"10335" "10335"
"10336" NA
"10336" "10336"
"10337" NA
"10337" "10337"
"10340" NA
"10340" "10340"
"10341" NA
"10341" "10341"
"10342" NA
"10342" "10342"
"10343" NA
"10343" "10343"
"10344" NA
"10344" "10344"
"10345" NA
"10345" "10345"
"10346" NA
"10346" "10346"
"10348" NA
"10348" "10348"
"10349" NA
"10349" "10349"
"10350" NA
"10350" "10350"
"10351" NA
"10351" "10351"
"10352" NA
"10352" "10352"
"10353" NA
"10353" "10353"
"10355" NA
"10355" "10355"
"10356" NA
"10356" "10356"
"10357" NA
"10357" "10357"
"10358" NA
"10358" "10358"
"10360" NA
"10360" "10360"
"10361" NA
"10361" "10361"
"10363" NA
"10363" "10363"
"10364" NA
"10364" "10364"
"10365" NA
"10365" "10365"
"10368" NA
"10368" "10368"
"10369" NA
"10369" "10369"
"10370" NA
"10370" "10370"
"10374" NA
"10374" "10374"
"10375" NA
"10375" "10375"
"10377" NA
"10377" "10377"
"10378" NA
"10378" "10378"
"10379" NA
"10379" "10379"
"10380" NA
"10380" "10380"
"10381" NA
"10381" "10381"
"10382" NA
"10382" "10382"
"10383" NA
"10383" "10383"
"10384" NA
"10384" "10384"
"10386" NA
"10386" "10386"
"10387" "muscular"
"10388" NA
"10388" "10388"
"10389" NA
"10389" "10389"
"10390" NA
"10390" "10390"
"10391" NA
"10391" "10391"
"10393" NA
"10393" "10393"
"10394" NA
"10394" "10394"
"10395" NA
"10395" "10395"
"10396" NA
"10396" "10396"
"10397" NA
"10397" "10397"
"10399" NA
"10399" "10399"
"10400" NA
"10400" "10400"
"10401" NA
"10401" "10401"
"10403" NA
"10403" "10403"
"10404" NA
"10404" "10404"
"10405" NA
"10405" "10405"
"10407" NA
"10407" "10407"
"10408" NA
"10408" "10408"
"10409" NA
"10409" "10409"
"10410" NA
"10410" "10410"
"10411" NA
"10411" "10411"
"10412" NA
"10412" "10412"
"10413" NA
"10413" "10413"
"10414" NA
"10414" "10414"
"10415" NA
"10415" "10415"
"10416" NA
"10416" "10416"
"10417" NA
"10417" "10417"
"10418" NA
"10418" "10418"
"10419" NA
"10419" "10419"
"10420" NA
"10420" "10420"
"10421" NA
"10421" "10421"
"10422" NA
"10422" "10422"
"10424" NA
"10424" "10424"
"10427" NA
"10427" "10427"
"10428" NA
"10428" "10428"
"10431" NA
"10431" "10431"
"10433" NA
"10433" "10433"
"10435" NA
"10435" "10435"
"10439" NA
"10439" "10439"
"10440" NA
"10440" "10440"
"10442" NA
"10442" "10442"
"10443" NA
"10443" "10443"
"10444" NA
"10444" "10444"
"10445" NA
"10445" "10445"
"10447" NA
"10447" "10447"
"10448" NA
"10448" "10448"
"10450" NA
"10450" "10450"
"10451" NA
"10451" "10451"
"10452" NA
"10452" "10452"
"10453" NA
"10453" "10453"
"10455" NA
"10455" "10455"
"10457" NA
"10457" "10457"
"10459" NA
"10459" "10459"
"10460" NA
"10460" "10460"
"10461" NA
"10461" "10461"
"10462" "#-difficult"
"10463" NA
"10463" "10463"
"10465" NA
"10465" "10465"
"10466" NA
"10466" "10466"
"10467" NA
"10467" "10467"
"10468" NA
"10468" "10468"
"10473" NA
"10473" "10473"
"10474" NA
"10474" "10474"
"10475" NA
"10475" "10475"
"10476" NA
"10476" "10476"
"10477" NA
"10477" "10477"
"10478" NA
"10478" "10478"
"10479" NA
"10479" "10479"
"10480" NA
"10480" "10480"
"10487" NA
"10487" "10487"
"10488" NA
"10488" "10488"
"10490" NA
"10490" "10490"
"10491" "thorough"
"10492" NA
"10492" "10492"
"10493" NA
"10493" "10493"
"10494" NA
"10494" "10494"
"10496" "argumentative"
"10498" NA
"10498" "10498"
"10500" NA
"10500" "10500"
"10504" NA
"10504" "10504"
"10505" NA
"10505" "10505"
"10508" NA
"10508" "10508"
"10509" NA
"10509" "10509"
"10511" NA
"10511" "10511"
"10513" NA
"10513" "10513"
"10515" NA
"10515" "10515"
"10516" NA
"10516" "10516"
"10517" NA
"10517" "10517"
"10520" NA
"10520" "10520"
"10521" NA
"10521" "10521"
"10522" NA
"10522" "10522"
"10523" NA
"10523" "10523"
"10524" NA
"10524" "10524"
"10525" NA
"10525" "10525"
"10526" NA
"10526" "10526"
"10528" NA
"10528" "10528"
"10529" NA
"10529" "10529"
"10530" NA
"10530" "10530"
"10531" NA
"10531" "10531"
"10533" NA
"10533" "10533"
"10535" "comical"
"10536" NA
"10536" "10536"
"10537" NA
"10537" "10537"
"10538" NA
"10538" "10538"
"10542" NA
"10542" "10542"
"10543" NA
"10543" "10543"
"10544" NA
"10544" "10544"
"10546" NA
"10546" "10546"
"10547" NA
"10547" "10547"
"10548" NA
"10548" "10548"
"10552" NA
"10552" "10552"
"10553" NA
"10553" "10553"
"10554" NA
"10554" "10554"
"10556" NA
"10556" "10556"
"10558" NA
"10558" "10558"
"10559" NA
"10559" "10559"
"10560" NA
"10560" "10560"
"10561" NA
"10561" "10561"
"10563" NA
"10563" "10563"
"10564" NA
"10564" "10564"
"10565" NA
"10565" "10565"
"10566" NA
"10566" "10566"
"10567" NA
"10567" "10567"
"10568" "#-rough"
"10569" NA
"10569" "10569"
"10570" NA
"10570" "10570"
"10571" NA
"10571" "10571"
"10572" NA
"10572" "10572"
"10573" NA
"10573" "10573"
"10574" NA
"10574" "10574"
"10575" NA
"10575" "10575"
"10576" NA
"10576" "10576"
"10578" NA
"10578" "10578"
"10579" NA
"10579" "10579"
"10580" NA
"10580" "10580"
"10581" NA
"10581" "10581"
"10582" NA
"10582" "10582"
"10583" NA
"10583" "10583"
"10584" NA
"10584" "10584"
"10585" NA
"10585" "10585"
"10586" NA
"10586" "10586"
"10587" NA
"10587" "10587"
"10588" NA
"10588" "10588"
"10589" NA
"10589" "10589"
"10591" NA
"10591" "10591"
"10592" NA
"10592" "10592"
"10593" NA
"10593" "10593"
"10594" NA
"10594" "10594"
"10596" NA
"10596" "10596"
"10597" NA
"10597" "10597"
"10598" NA
"10598" "10598"
"10599" NA
"10599" "10599"
"10601" NA
"10601" "10601"
"10602" NA
"10602" "10602"
"10603" NA
"10603" "10603"
"10604" NA
"10604" "10604"
"10605" NA
"10605" "10605"
"10606" NA
"10606" "10606"
"10608" NA
"10608" "10608"
"10609" NA
"10609" "10609"
"10610" NA
"10610" "10610"
"10611" NA
"10611" "10611"
"10612" NA
"10612" "10612"
"10613" NA
"10613" "10613"
"10614" NA
"10614" "10614"
"10615" NA
"10615" "10615"
"10616" NA
"10616" "10616"
"10618" NA
"10618" "10618"
"10619" NA
"10619" "10619"
"10621" NA
"10621" "10621"
"10624" NA
"10624" "10624"
"10625" NA
"10625" "10625"
"10628" NA
"10628" "10628"
"10630" NA
"10630" "10630"
"10632" NA
"10632" "10632"
"10633" NA
"10633" "10633"
"10634" NA
"10634" "10634"
"10635" NA
"10635" "10635"
"10636" NA
"10636" "10636"
"10637" NA
"10637" "10637"
"10638" NA
"10638" "10638"
"10639" NA
"10639" "10639"
"10640" NA
"10640" "10640"
"10641" NA
"10641" "10641"
"10642" NA
"10642" "10642"
"10643" NA
"10643" "10643"
"10644" NA
"10644" "10644"
"10645" NA
"10645" "10645"
"10646" NA
"10646" "10646"
"10648" NA
"10648" "10648"
"10649" NA
"10649" "10649"
"10650" NA
"10650" "10650"
"10651" NA
"10651" "10651"
"10652" NA
"10652" "10652"
"10653" NA
"10653" "10653"
"10654" NA
"10654" "10654"
"10655" NA
"10655" "10655"
"10659" NA
"10659" "10659"
"10660" NA
"10660" "10660"
"10661" NA
"10661" "10661"
"10662" NA
"10662" "10662"
"10664" NA
"10664" "10664"
"10665" NA
"10665" "10665"
"10666" NA
"10666" "10666"
"10668" NA
"10668" "10668"
"10669" NA
"10669" "10669"
"10670" NA
"10670" "10670"
"10671" NA
"10671" "10671"
"10672" NA
"10672" "10672"
"10673" NA
"10673" "10673"
"10674" NA
"10674" "10674"
"10675" NA
"10675" "10675"
"10676" NA
"10676" "10676"
"10677" NA
"10677" "10677"
"10678" NA
"10678" "10678"
"10680" NA
"10680" "10680"
"10681" NA
"10681" "10681"
"10682" NA
"10682" "10682"
"10683" NA
"10683" "10683"
"10685" NA
"10685" "10685"
"10686" NA
"10686" "10686"
"10687" NA
"10687" "10687"
"10689" NA
"10689" "10689"
"10691" NA
"10691" "10691"
"10692" NA
"10692" "10692"
"10693" NA
"10693" "10693"
"10696" NA
"10696" "10696"
"10697" NA
"10697" "10697"
"10699" NA
"10699" "10699"
"10700" NA
"10700" "10700"
"10701" NA
"10701" "10701"
"10702" NA
"10702" "10702"
"10703" NA
"10703" "10703"
"10704" NA
"10704" "10704"
"10707" NA
"10707" "10707"
"10709" NA
"10709" "10709"
"10710" NA
"10710" "10710"
"10712" NA
"10712" "10712"
"10713" NA
"10713" "10713"
"10716" NA
"10716" "10716"
"10718" NA
"10718" "10718"
"10719" NA
"10719" "10719"
"10720" NA
"10720" "10720"
"10721" NA
"10721" "10721"
"10722" NA
"10722" "10722"
"10723" NA
"10723" "10723"
"10724" NA
"10724" "10724"
"10725" NA
"10725" "10725"
"10726" NA
"10726" "10726"
"10727" NA
"10727" "10727"
"10728" NA
"10728" "10728"
"10730" NA
"10730" "10730"
"10731" NA
"10731" "10731"
"10733" NA
"10733" "10733"
"10734" NA
"10734" "10734"
"10735" NA
"10735" "10735"
"10736" NA
"10736" "10736"
"10737" NA
"10737" "10737"
"10738" NA
"10738" "10738"
"10739" NA
"10739" "10739"
"10742" NA
"10742" "10742"
"10744" NA
"10744" "10744"
"10745" NA
"10745" "10745"
"10747" NA
"10747" "10747"
"10748" NA
"10748" "10748"
"10749" NA
"10749" "10749"
"10751" NA
"10751" "10751"
"10752" NA
"10752" "10752"
"10754" NA
"10754" "10754"
"10755" NA
"10755" "10755"
"10756" NA
"10756" "10756"
"10757" NA
"10757" "10757"
"10758" NA
"10758" "10758"
"10759" NA
"10759" "10759"
"10761" "careless"
"10762" NA
"10762" "10762"
"10764" NA
"10764" "10764"
"10765" NA
"10765" "10765"
"10766" NA
"10766" "10766"
"10767" NA
"10767" "10767"
"10768" NA
"10768" "10768"
"10769" NA
"10769" "10769"
"10770" NA
"10770" "10770"
"10771" NA
"10771" "10771"
"10772" NA
"10772" "10772"
"10773" NA
"10773" "10773"
"10774" NA
"10774" "10774"
"10775" NA
"10775" "10775"
"10776" NA
"10776" "10776"
"10777" NA
"10777" "10777"
"10778" NA
"10778" "10778"
"10779" NA
"10779" "10779"
"10780" NA
"10780" "10780"
"10781" NA
"10781" "10781"
"10782" "straightforward"
"10783" NA
"10783" "10783"
"10784" NA
"10784" "10784"
"10785" NA
"10785" "10785"
"10786" NA
"10786" "10786"
"10787" NA
"10787" "10787"
"10789" NA
"10789" "10789"
"10790" NA
"10790" "10790"
"10792" NA
"10792" "10792"
"10793" NA
"10793" "10793"
"10794" NA
"10794" "10794"
"10795" NA
"10795" "10795"
"10796" NA
"10796" "10796"
"10797" NA
"10797" "10797"
"10798" NA
"10798" "10798"
"10799" NA
"10799" "10799"
"10800" NA
"10800" "10800"
"10801" NA
"10801" "10801"
"10802" NA
"10802" "10802"
"10803" NA
"10803" "10803"
"10804" NA
"10804" "10804"
"10805" NA
"10805" "10805"
"10806" NA
"10806" "10806"
"10807" NA
"10807" "10807"
"10808" NA
"10808" "10808"
"10809" NA
"10809" "10809"
"10811" NA
"10811" "10811"
"10812" NA
"10812" "10812"
"10813" NA
"10813" "10813"
"10814" NA
"10814" "10814"
"10816" NA
"10816" "10816"
"10817" NA
"10817" "10817"
"10818" NA
"10818" "10818"
"10819" NA
"10819" "10819"
"10820" NA
"10820" "10820"
"10821" NA
"10821" "10821"
"10822" NA
"10822" "10822"
"10823" NA
"10823" "10823"
"10827" NA
"10827" "10827"
"10829" NA
"10829" "10829"
"10830" NA
"10830" "10830"
"10831" NA
"10831" "10831"
"10833" NA
"10833" "10833"
"10834" NA
"10834" "10834"
"10835" NA
"10835" "10835"
"10836" NA
"10836" "10836"
"10837" NA
"10837" "10837"
"10838" NA
"10838" "10838"
"10839" NA
"10839" "10839"
"10840" NA
"10840" "10840"
"10841" NA
"10841" "10841"
"10842" NA
"10842" "10842"
"10845" NA
"10845" "10845"
"10846" NA
"10846" "10846"
"10847" NA
"10847" "10847"
"10848" NA
"10848" "10848"
"10849" NA
"10849" "10849"
"10850" NA
"10850" "10850"
"10851" NA
"10851" "10851"
"10852" NA
"10852" "10852"
"10853" NA
"10853" "10853"
"10854" NA
"10854" "10854"
"10855" NA
"10855" "10855"
"10856" NA
"10856" "10856"
"10858" NA
"10858" "10858"
"10859" NA
"10859" "10859"
"10860" NA
"10860" "10860"
"10861" NA
"10861" "10861"
"10862" NA
"10862" "10862"
"10863" NA
"10863" "10863"
"10866" NA
"10866" "10866"
"10868" NA
"10868" "10868"
"10869" NA
"10869" "10869"
"10871" NA
"10871" "10871"
"10873" NA
"10873" "10873"
"10874" NA
"10874" "10874"
"10875" NA
"10875" "10875"
"10876" NA
"10876" "10876"
"10879" NA
"10879" "10879"
"10880" NA
"10880" "10880"
"10883" NA
"10883" "10883"
"10884" NA
"10884" "10884"
"10885" NA
"10885" "10885"
"10886" NA
"10886" "10886"
"10887" NA
"10887" "10887"
"10888" NA
"10888" "10888"
"10889" NA
"10889" "10889"
"10890" NA
"10890" "10890"
"10891" NA
"10891" "10891"
"10893" NA
"10893" "10893"
"10894" NA
"10894" "10894"
"10895" NA
"10895" "10895"
"10897" NA
"10897" "10897"
"10899" NA
"10899" "10899"
"10900" NA
"10900" "10900"
"10901" NA
"10901" "10901"
"10902" NA
"10902" "10902"
"10905" NA
"10905" "10905"
"10906" NA
"10906" "10906"
"10907" NA
"10907" "10907"
"10908" NA
"10908" "10908"
"10910" NA
"10910" "10910"
"10911" NA
"10911" "10911"
"10913" NA
"10913" "10913"
"10915" NA
"10915" "10915"
"10916" NA
"10916" "10916"
"10917" NA
"10917" "10917"
"10918" NA
"10918" "10918"
"10920" NA
"10920" "10920"
"10921" NA
"10921" "10921"
"10922" NA
"10922" "10922"
"10923" NA
"10923" "10923"
"10924" NA
"10924" "10924"
"10926" NA
"10926" "10926"
"10927" NA
"10927" "10927"
"10928" NA
"10928" "10928"
"10929" NA
"10929" "10929"
"10930" NA
"10930" "10930"
"10931" NA
"10931" "10931"
"10932" NA
"10932" "10932"
"10933" NA
"10933" "10933"
"10934" NA
"10934" "10934"
"10935" NA
"10935" "10935"
"10936" NA
"10936" "10936"
"10937" NA
"10937" "10937"
"10938" NA
"10938" "10938"
"10939" NA
"10939" "10939"
"10941" NA
"10941" "10941"
"10942" NA
"10942" "10942"
"10943" NA
"10943" "10943"
"10944" NA
"10944" "10944"
"10945" NA
"10945" "10945"
"10950" NA
"10950" "10950"
"10951" NA
"10951" "10951"
"10954" NA
"10954" "10954"
"10955" NA
"10955" "10955"
"10956" NA
"10956" "10956"
"10957" NA
"10957" "10957"
"10958" NA
"10958" "10958"
"10959" NA
"10959" "10959"
"10960" NA
"10960" "10960"
"10961" NA
"10961" "10961"
"10964" NA
"10964" "10964"
"10965" NA
"10965" "10965"
"10966" NA
"10966" "10966"
"10967" NA
"10967" "10967"
"10969" NA
"10969" "10969"
"10970" NA
"10970" "10970"
"10971" NA
"10971" "10971"
"10974" NA
"10974" "10974"
"10975" NA
"10975" "10975"
"10976" NA
"10976" "10976"
"10977" NA
"10977" "10977"
"10978" NA
"10978" "10978"
"10980" NA
"10980" "10980"
"10982" "skinny"
"10983" NA
"10983" "10983"
"10985" NA
"10985" "10985"
"10986" NA
"10986" "10986"
"10987" NA
"10987" "10987"
"10988" NA
"10988" "10988"
"10991" NA
"10991" "10991"
"10994" NA
"10994" "10994"
"10996" NA
"10996" "10996"
"10997" NA
"10997" "10997"
"10998" NA
"10998" "10998"
"10999" NA
"10999" "10999"
"11003" NA
"11003" "11003"
"11004" NA
"11004" "11004"
"11005" NA
"11005" "11005"
"11006" NA
"11006" "11006"
"11007" NA
"11007" "11007"
"11008" NA
"11008" "11008"
"11009" NA
"11009" "11009"
"11010" NA
"11010" "11010"
"11012" NA
"11012" "11012"
"11013" NA
"11013" "11013"
"11015" NA
"11015" "11015"
"11016" NA
"11016" "11016"
"11018" NA
"11018" "11018"
"11019" NA
"11019" "11019"
"11020" NA
"11020" "11020"
"11021" NA
"11021" "11021"
"11022" NA
"11022" "11022"
"11023" NA
"11023" "11023"
"11024" NA
"11024" "11024"
"11025" NA
"11025" "11025"
"11026" NA
"11026" "11026"
"11027" NA
"11027" "11027"
"11029" NA
"11029" "11029"
"11030" NA
"11030" "11030"
"11031" NA
"11031" "11031"
"11032" NA
"11032" "11032"
"11033" NA
"11033" "11033"
"11034" NA
"11034" "11034"
"11035" NA
"11035" "11035"
"11036" NA
"11036" "11036"
"11038" NA
"11038" "11038"
"11039" NA
"11039" "11039"
"11040" NA
"11040" "11040"
"11041" NA
"11041" "11041"
"11042" NA
"11042" "11042"
"11043" NA
"11043" "11043"
"11044" NA
"11044" "11044"
"11045" NA
"11045" "11045"
"11046" NA
"11046" "11046"
"11047" NA
"11047" "11047"
"11048" NA
"11048" "11048"
"11049" NA
"11049" "11049"
"11050" NA
"11050" "11050"
"11052" NA
"11052" "11052"
"11053" NA
"11053" "11053"
"11056" NA
"11056" "11056"
"11057" NA
"11057" "11057"
"11058" NA
"11058" "11058"
"11059" NA
"11059" "11059"
"11061" NA
"11061" "11061"
"11062" NA
"11062" "11062"
"11063" NA
"11063" "11063"
"11064" NA
"11064" "11064"
"11066" NA
"11066" "11066"
"11068" NA
"11068" "11068"
"11069" NA
"11069" "11069"
"11073" NA
"11073" "11073"
"11074" NA
"11074" "11074"
"11075" NA
"11075" "11075"
"11076" NA
"11076" "11076"
"11077" NA
"11077" "11077"
"11078" NA
"11078" "11078"
"11079" NA
"11079" "11079"
"11080" NA
"11080" "11080"
"11082" NA
"11082" "11082"
"11083" NA
"11083" "11083"
"11085" NA
"11085" "11085"
"11086" NA
"11086" "11086"
"11087" NA
"11087" "11087"
"11088" NA
"11088" "11088"
"11089" NA
"11089" "11089"
"11090" NA
"11090" "11090"
"11091" NA
"11091" "11091"
"11093" NA
"11093" "11093"
"11094" NA
"11094" "11094"
"11097" NA
"11097" "11097"
"11099" NA
"11099" "11099"
"11100" NA
"11100" "11100"
"11101" NA
"11101" "11101"
"11102" NA
"11102" "11102"
"11103" NA
"11103" "11103"
"11104" NA
"11104" "11104"
"11105" NA
"11105" "11105"
"11107" NA
"11107" "11107"
"11108" NA
"11108" "11108"
"11109" NA
"11109" "11109"
"11110" NA
"11110" "11110"
"11111" NA
"11111" "11111"
"11112" NA
"11112" "11112"
"11113" NA
"11113" "11113"
"11114" NA
"11114" "11114"
"11115" NA
"11115" "11115"
"11116" NA
"11116" "11116"
"11117" NA
"11117" "11117"
"11118" NA
"11118" "11118"
"11119" NA
"11119" "11119"
"11120" NA
"11120" "11120"
"11121" NA
"11121" "11121"
"11122" NA
"11122" "11122"
"11123" NA
"11123" "11123"
"11124" NA
"11124" "11124"
"11125" NA
"11125" "11125"
"11126" NA
"11126" "11126"
"11127" NA
"11127" "11127"
"11128" NA
"11128" "11128"
"11129" NA
"11129" "11129"
"11130" NA
"11130" "11130"
"11131" NA
"11131" "11131"
"11132" NA
"11132" "11132"
"11133" NA
"11133" "11133"
"11134" NA
"11134" "11134"
"11135" NA
"11135" "11135"
"11136" NA
"11136" "11136"
"11137" NA
"11137" "11137"
"11138" NA
"11138" "11138"
"11139" NA
"11139" "11139"
"11141" NA
"11141" "11141"
"11142" NA
"11142" "11142"
"11143" NA
"11143" "11143"
"11144" NA
"11144" "11144"
"11145" NA
"11145" "11145"
"11148" NA
"11148" "11148"
"11150" NA
"11150" "11150"
"11151" NA
"11151" "11151"
"11152" NA
"11152" "11152"
"11153" NA
"11153" "11153"
"11154" NA
"11154" "11154"
"11156" NA
"11156" "11156"
"11157" NA
"11157" "11157"
"11158" NA
"11158" "11158"
"11159" NA
"11159" "11159"
"11160" NA
"11160" "11160"
"11161" NA
"11161" "11161"
"11162" NA
"11162" "11162"
"11163" NA
"11163" "11163"
"11164" NA
"11164" "11164"
"11167" NA
"11167" "11167"
"11168" NA
"11168" "11168"
"11169" NA
"11169" "11169"
"11170" NA
"11170" "11170"
"11171" NA
"11171" "11171"
"11172" NA
"11172" "11172"
"11174" NA
"11174" "11174"
"11176" NA
"11176" "11176"
"11177" NA
"11177" "11177"
"11179" NA
"11179" "11179"
"11181" NA
"11181" "11181"
"11182" NA
"11182" "11182"
"11183" NA
"11183" "11183"
"11184" NA
"11184" "11184"
"11185" NA
"11185" "11185"
"11187" NA
"11187" "11187"
"11188" NA
"11188" "11188"
"11189" NA
"11189" "11189"
"11190" NA
"11190" "11190"
"11191" NA
"11191" "11191"
"11192" NA
"11192" "11192"
"11193" NA
"11193" "11193"
"11194" NA
"11194" "11194"
"11195" NA
"11195" "11195"
"11196" NA
"11196" "11196"
"11197" NA
"11197" "11197"
"11198" NA
"11198" "11198"
"11199" NA
"11199" "11199"
"11200" NA
"11200" "11200"
"11201" NA
"11201" "11201"
"11202" NA
"11202" "11202"
"11203" NA
"11203" "11203"
"11204" NA
"11204" "11204"
"11205" NA
"11205" "11205"
"11206" NA
"11206" "11206"
"11207" NA
"11207" "11207"
"11208" NA
"11208" "11208"
"11209" NA
"11209" "11209"
"11210" NA
"11210" "11210"
"11211" NA
"11211" "11211"
"11212" NA
"11212" "11212"
"11213" NA
"11213" "11213"
"11214" NA
"11214" "11214"
"11215" NA
"11215" "11215"
"11216" NA
"11216" "11216"
"11217" NA
"11217" "11217"
"11218" NA
"11218" "11218"
"11220" NA
"11220" "11220"
"11221" NA
"11221" "11221"
"11222" NA
"11222" "11222"
"11223" NA
"11223" "11223"
"11224" NA
"11224" "11224"
"11225" NA
"11225" "11225"
"11226" NA
"11226" "11226"
"11227" NA
"11227" "11227"
"11228" NA
"11228" "11228"
"11229" NA
"11229" "11229"
"11230" NA
"11230" "11230"
"11231" NA
"11231" "11231"
"11232" NA
"11232" "11232"
"11233" NA
"11233" "11233"
"11234" NA
"11234" "11234"
"11235" NA
"11235" "11235"
"11236" NA
"11236" "11236"
"11237" NA
"11237" "11237"
"11238" NA
"11238" "11238"
"11240" NA
"11240" "11240"
"11241" NA
"11241" "11241"
"11242" NA
"11242" "11242"
"11243" NA
"11243" "11243"
"11244" NA
"11244" "11244"
"11245" NA
"11245" "11245"
"11246" NA
"11246" "11246"
"11247" NA
"11247" "11247"
"11248" NA
"11248" "11248"
"11249" NA
"11249" "11249"
"11250" NA
"11250" "11250"
"11251" NA
"11251" "11251"
"11252" NA
"11252" "11252"
"11254" NA
"11254" "11254"
"11255" NA
"11255" "11255"
"11256" NA
"11256" "11256"
"11257" NA
"11257" "11257"
"11259" NA
"11259" "11259"
"11260" NA
"11260" "11260"
"11261" NA
"11261" "11261"
"11263" NA
"11263" "11263"
"11264" NA
"11264" "11264"
"11265" NA
"11265" "11265"
"11266" NA
"11266" "11266"
"11268" NA
"11268" "11268"
"11269" NA
"11269" "11269"
"11270" NA
"11270" "11270"
"11271" NA
"11271" "11271"
"11272" NA
"11272" "11272"
"11273" NA
"11273" "11273"
"11275" NA
"11275" "11275"
"11277" NA
"11277" "11277"
"11278" NA
"11278" "11278"
"11279" NA
"11279" "11279"
"11280" NA
"11280" "11280"
"11282" NA
"11282" "11282"
"11283" NA
"11283" "11283"
"11286" NA
"11286" "11286"
"11287" NA
"11287" "11287"
"11291" NA
"11291" "11291"
"11292" NA
"11292" "11292"
"11293" NA
"11293" "11293"
"11295" NA
"11295" "11295"
"11296" NA
"11296" "11296"
"11297" NA
"11297" "11297"
"11300" NA
"11300" "11300"
"11302" NA
"11302" "11302"
"11304" NA
"11304" "11304"
"11305" NA
"11305" "11305"
"11306" NA
"11306" "11306"
"11307" NA
"11307" "11307"
"11308" NA
"11308" "11308"
"11309" NA
"11309" "11309"
"11311" NA
"11311" "11311"
"11312" NA
"11312" "11312"
"11314" NA
"11314" "11314"
"11316" NA
"11316" "11316"
"11317" NA
"11317" "11317"
"11318" NA
"11318" "11318"
"11319" NA
"11319" "11319"
"11320" NA
"11320" "11320"
"11321" NA
"11321" "11321"
"11322" NA
"11322" "11322"
"11323" NA
"11323" "11323"
"11324" NA
"11324" "11324"
"11325" NA
"11325" "11325"
"11327" NA
"11327" "11327"
"11328" NA
"11328" "11328"
"11329" NA
"11329" "11329"
"11330" NA
"11330" "11330"
"11332" NA
"11332" "11332"
"11333" NA
"11333" "11333"
"11334" NA
"11334" "11334"
"11337" NA
"11337" "11337"
"11338" NA
"11338" "11338"
"11340" NA
"11340" "11340"
"11341" NA
"11341" "11341"
"11342" NA
"11342" "11342"
"11343" NA
"11343" "11343"
"11344" NA
"11344" "11344"
"11345" NA
"11345" "11345"
"11346" NA
"11346" "11346"
"11347" NA
"11347" "11347"
"11349" NA
"11349" "11349"
"11350" NA
"11350" "11350"
"11351" NA
"11351" "11351"
"11352" NA
"11352" "11352"
"11353" NA
"11353" "11353"
"11354" NA
"11354" "11354"
"11355" NA
"11355" "11355"
"11357" NA
"11357" "11357"
"11359" NA
"11359" "11359"
"11360" NA
"11360" "11360"
"11361" NA
"11361" "11361"
"11362" NA
"11362" "11362"
"11363" NA
"11363" "11363"
"11365" NA
"11365" "11365"
"11367" NA
"11367" "11367"
"11368" NA
"11368" "11368"
"11369" NA
"11369" "11369"
"11370" NA
"11370" "11370"
"11371" NA
"11371" "11371"
"11372" NA
"11372" "11372"
"11373" NA
"11373" "11373"
"11376" NA
"11376" "11376"
"11377" NA
"11377" "11377"
"11378" NA
"11378" "11378"
"11379" NA
"11379" "11379"
"11380" NA
"11380" "11380"
"11381" NA
"11381" "11381"
"11382" NA
"11382" "11382"
"11383" NA
"11383" "11383"
"11384" NA
"11384" "11384"
"11386" NA
"11386" "11386"
"11387" NA
"11387" "11387"
"11389" "#-satisfied"
"11390" NA
"11390" "11390"
"11391" NA
"11391" "11391"
"11392" NA
"11392" "11392"
"11393" NA
"11393" "11393"
"11394" NA
"11394" "11394"
"11396" NA
"11396" "11396"
"11397" NA
"11397" "11397"
"11398" NA
"11398" "11398"
"11399" NA
"11399" "11399"
"11400" NA
"11400" "11400"
"11402" NA
"11402" "11402"
"11403" NA
"11403" "11403"
"11405" NA
"11405" "11405"
"11409" NA
"11409" "11409"
"11410" NA
"11410" "11410"
"11411" NA
"11411" "11411"
"11412" NA
"11412" "11412"
"11413" NA
"11413" "11413"
"11416" NA
"11416" "11416"
"11417" NA
"11417" "11417"
"11418" NA
"11418" "11418"
"11419" NA
"11419" "11419"
"11421" NA
"11421" "11421"
"11424" "#-calm"
"11425" NA
"11425" "11425"
"11426" NA
"11426" "11426"
"11428" NA
"11428" "11428"
"11429" NA
"11429" "11429"
"11430" NA
"11430" "11430"
"11432" NA
"11432" "11432"
"11434" NA
"11434" "11434"
"11435" NA
"11435" "11435"
"11437" NA
"11437" "11437"
"11438" NA
"11438" "11438"
"11439" NA
"11439" "11439"
"11442" NA
"11442" "11442"
"11443" NA
"11443" "11443"
"11444" NA
"11444" "11444"
"11445" NA
"11445" "11445"
"11446" NA
"11446" "11446"
"11447" NA
"11447" "11447"
"11448" NA
"11448" "11448"
"11450" NA
"11450" "11450"
"11451" NA
"11451" "11451"
"11452" NA
"11452" "11452"
"11453" NA
"11453" "11453"
"11454" NA
"11454" "11454"
"11455" NA
"11455" "11455"
"11456" NA
"11456" "11456"
"11457" NA
"11457" "11457"
"11458" NA
"11458" "11458"
"11460" NA
"11460" "11460"
"11463" NA
"11463" "11463"
"11464" NA
"11464" "11464"
"11465" NA
"11465" "11465"
"11466" NA
"11466" "11466"
"11467" NA
"11467" "11467"
"11468" NA
"11468" "11468"
"11469" NA
"11469" "11469"
"11470" NA
"11470" "11470"
"11472" NA
"11472" "11472"
"11474" NA
"11474" "11474"
"11475" NA
"11475" "11475"
"11476" NA
"11476" "11476"
"11477" NA
"11477" "11477"
"11478" NA
"11478" "11478"
"11479" NA
"11479" "11479"
"11480" NA
"11480" "11480"
"11481" NA
"11481" "11481"
"11482" NA
"11482" "11482"
"11484" NA
"11484" "11484"
"11485" NA
"11485" "11485"
"11487" NA
"11487" "11487"
"11488" NA
"11488" "11488"
"11489" NA
"11489" "11489"
"11490" NA
"11490" "11490"
"11491" NA
"11491" "11491"
"11492" NA
"11492" "11492"
"11495" NA
"11495" "11495"
"11496" NA
"11496" "11496"
"11498" NA
"11498" "11498"
"11499" NA
"11499" "11499"
"11500" NA
"11500" "11500"
"11501" NA
"11501" "11501"
"11502" NA
"11502" "11502"
"11503" NA
"11503" "11503"
"11504" NA
"11504" "11504"
"11507" NA
"11507" "11507"
"11508" NA
"11508" "11508"
"11509" NA
"11509" "11509"
"11510" NA
"11510" "11510"
"11511" NA
"11511" "11511"
"11512" NA
"11512" "11512"
"11514" NA
"11514" "11514"
"11515" NA
"11515" "11515"
"11516" NA
"11516" "11516"
"11517" NA
"11517" "11517"
"11518" NA
"11518" "11518"
"11520" NA
"11520" "11520"
"11521" NA
"11521" "11521"
"11522" NA
"11522" "11522"
"11523" NA
"11523" "11523"
"11526" NA
"11526" "11526"
"11527" NA
"11527" "11527"
"11528" NA
"11528" "11528"
"11529" NA
"11529" "11529"
"11530" NA
"11530" "11530"
"11531" NA
"11531" "11531"
"11532" NA
"11532" "11532"
"11533" NA
"11533" "11533"
"11535" NA
"11535" "11535"
"11536" NA
"11536" "11536"
"11537" NA
"11537" "11537"
"11538" NA
"11538" "11538"
"11539" NA
"11539" "11539"
"11540" NA
"11540" "11540"
"11541" NA
"11541" "11541"
"11542" NA
"11542" "11542"
"11543" NA
"11543" "11543"
"11544" NA
"11544" "11544"
"11545" NA
"11545" "11545"
"11546" NA
"11546" "11546"
"11547" NA
"11547" "11547"
"11548" NA
"11548" "11548"
"11550" NA
"11550" "11550"
"11551" NA
"11551" "11551"
"11552" NA
"11552" "11552"
"11554" NA
"11554" "11554"
"11559" NA
"11559" "11559"
"11562" NA
"11562" "11562"
"11563" NA
"11563" "11563"
"11564" NA
"11564" "11564"
"11565" NA
"11565" "11565"
"11566" NA
"11566" "11566"
"11568" NA
"11568" "11568"
"11570" NA
"11570" "11570"
"11571" NA
"11571" "11571"
"11574" NA
"11574" "11574"
"11576" NA
"11576" "11576"
"11580" NA
"11580" "11580"
"11581" NA
"11581" "11581"
"11582" NA
"11582" "11582"
"11584" NA
"11584" "11584"
"11586" NA
"11586" "11586"
"11587" NA
"11587" "11587"
"11588" NA
"11588" "11588"
"11589" NA
"11589" "11589"
"11590" NA
"11590" "11590"
"11591" NA
"11591" "11591"
"11592" NA
"11592" "11592"
"11593" NA
"11593" "11593"
"11594" NA
"11594" "11594"
"11596" NA
"11596" "11596"
"11597" NA
"11597" "11597"
"11598" NA
"11598" "11598"
"11599" NA
"11599" "11599"
"11600" NA
"11600" "11600"
"11601" NA
"11601" "11601"
"11602" NA
"11602" "11602"
"11603" NA
"11603" "11603"
"11604" NA
"11604" "11604"
"11605" NA
"11605" "11605"
"11606" NA
"11606" "11606"
"11607" NA
"11607" "11607"
"11608" NA
"11608" "11608"
"11609" NA
"11609" "11609"
"11610" NA
"11610" "11610"
"11611" NA
"11611" "11611"
"11612" NA
"11612" "11612"
"11613" NA
"11613" "11613"
"11614" NA
"11614" "11614"
"11615" NA
"11615" "11615"
"11616" NA
"11616" "11616"
"11617" NA
"11617" "11617"
"11618" NA
"11618" "11618"
"11620" NA
"11620" "11620"
"11621" NA
"11621" "11621"
"11622" NA
"11622" "11622"
"11623" NA
"11623" "11623"
"11624" NA
"11624" "11624"
"11625" NA
"11625" "11625"
"11628" NA
"11628" "11628"
"11629" NA
"11629" "11629"
"11630" NA
"11630" "11630"
"11631" NA
"11631" "11631"
"11632" NA
"11632" "11632"
"11633" NA
"11633" "11633"
"11634" NA
"11634" "11634"
"11635" NA
"11635" "11635"
"11636" NA
"11636" "11636"
"11637" NA
"11637" "11637"
"11638" NA
"11638" "11638"
"11639" NA
"11639" "11639"
"11640" NA
"11640" "11640"
"11641" NA
"11641" "11641"
"11643" NA
"11643" "11643"
"11645" NA
"11645" "11645"
"11647" NA
"11647" "11647"
"11648" NA
"11648" "11648"
"11649" "genuine"
"11650" NA
"11650" "11650"
"11652" NA
"11652" "11652"
"11653" NA
"11653" "11653"
"11655" NA
"11655" "11655"
"11656" NA
"11656" "11656"
"11657" NA
"11657" "11657"
"11658" NA
"11658" "11658"
"11659" NA
"11659" "11659"
"11660" NA
"11660" "11660"
"11661" NA
"11661" "11661"
"11662" NA
"11662" "11662"
"11663" NA
"11663" "11663"
"11664" NA
"11664" "11664"
"11665" NA
"11665" "11665"
"11667" NA
"11667" "11667"
"11668" NA
"11668" "11668"
"11669" NA
"11669" "11669"
"11670" NA
"11670" "11670"
"11671" NA
"11671" "11671"
"11672" NA
"11672" "11672"
"11673" NA
"11673" "11673"
"11674" NA
"11674" "11674"
"11675" NA
"11675" "11675"
"11676" NA
"11676" "11676"
"11677" NA
"11677" "11677"
"11678" NA
"11678" "11678"
"11679" NA
"11679" "11679"
"11680" NA
"11680" "11680"
"11682" NA
"11682" "11682"
"11683" NA
"11683" "11683"
"11684" NA
"11684" "11684"
"11685" NA
"11685" "11685"
"11686" NA
"11686" "11686"
"11688" NA
"11688" "11688"
"11691" NA
"11691" "11691"
"11692" NA
"11692" "11692"
"11694" NA
"11694" "11694"
"11695" NA
"11695" "11695"
"11696" NA
"11696" "11696"
"11697" NA
"11697" "11697"
"11698" NA
"11698" "11698"
"11699" NA
"11699" "11699"
"11700" NA
"11700" "11700"
"11702" NA
"11702" "11702"
"11703" NA
"11703" "11703"
"11704" NA
"11704" "11704"
"11705" NA
"11705" "11705"
"11706" NA
"11706" "11706"
"11708" NA
"11708" "11708"
"11709" NA
"11709" "11709"
"11710" NA
"11710" "11710"
"11711" NA
"11711" "11711"
"11712" NA
"11712" "11712"
"11713" NA
"11713" "11713"
"11715" NA
"11715" "11715"
"11716" NA
"11716" "11716"
"11717" NA
"11717" "11717"
"11718" NA
"11718" "11718"
"11719" NA
"11719" "11719"
"11720" NA
"11720" "11720"
"11721" NA
"11721" "11721"
"11724" NA
"11724" "11724"
"11725" NA
"11725" "11725"
"11726" NA
"11726" "11726"
"11727" NA
"11727" "11727"
"11728" NA
"11728" "11728"
"11729" NA
"11729" "11729"
"11731" NA
"11731" "11731"
"11734" NA
"11734" "11734"
"11735" NA
"11735" "11735"
"11736" NA
"11736" "11736"
"11737" NA
"11737" "11737"
"11738" NA
"11738" "11738"
"11739" NA
"11739" "11739"
"11740" NA
"11740" "11740"
"11742" NA
"11742" "11742"
"11743" NA
"11743" "11743"
"11745" NA
"11745" "11745"
"11746" NA
"11746" "11746"
"11747" NA
"11747" "11747"
"11748" NA
"11748" "11748"
"11749" NA
"11749" "11749"
"11750" NA
"11750" "11750"
"11751" NA
"11751" "11751"
"11752" NA
"11752" "11752"
"11753" NA
"11753" "11753"
"11754" NA
"11754" "11754"
"11755" NA
"11755" "11755"
"11756" NA
"11756" "11756"
"11757" NA
"11757" "11757"
"11758" NA
"11758" "11758"
"11759" NA
"11759" "11759"
"11760" NA
"11760" "11760"
"11761" NA
"11761" "11761"
"11763" NA
"11763" "11763"
"11765" NA
"11765" "11765"
"11766" NA
"11766" "11766"
"11769" NA
"11769" "11769"
"11771" NA
"11771" "11771"
"11772" NA
"11772" "11772"
"11774" NA
"11774" "11774"
"11775" NA
"11775" "11775"
"11776" NA
"11776" "11776"
"11777" "cautious"
"11778" NA
"11778" "11778"
"11779" NA
"11779" "11779"
"11780" NA
"11780" "11780"
"11781" NA
"11781" "11781"
"11782" NA
"11782" "11782"
"11783" NA
"11783" "11783"
"11784" NA
"11784" "11784"
"11785" NA
"11785" "11785"
"11786" NA
"11786" "11786"
"11788" NA
"11788" "11788"
"11789" NA
"11789" "11789"
"11792" NA
"11792" "11792"
"11793" NA
"11793" "11793"
"11794" NA
"11794" "11794"
"11795" NA
"11795" "11795"
"11796" NA
"11796" "11796"
"11798" NA
"11798" "11798"
"11800" NA
"11800" "11800"
"11802" NA
"11802" "11802"
"11804" NA
"11804" "11804"
"11805" NA
"11805" "11805"
"11806" NA
"11806" "11806"
"11807" NA
"11807" "11807"
"11809" NA
"11809" "11809"
"11810" NA
"11810" "11810"
"11811" NA
"11811" "11811"
"11812" NA
"11812" "11812"
"11813" NA
"11813" "11813"
"11815" NA
"11815" "11815"
"11816" NA
"11816" "11816"
"11817" NA
"11817" "11817"
"11818" NA
"11818" "11818"
"11819" NA
"11819" "11819"
"11820" NA
"11820" "11820"
"11821" NA
"11821" "11821"
"11822" NA
"11822" "11822"
"11823" NA
"11823" "11823"
"11824" NA
"11824" "11824"
"11825" NA
"11825" "11825"
"11826" NA
"11826" "11826"
"11828" NA
"11828" "11828"
"11829" NA
"11829" "11829"
"11830" NA
"11830" "11830"
"11831" NA
"11831" "11831"
"11832" NA
"11832" "11832"
"11833" NA
"11833" "11833"
"11834" NA
"11834" "11834"
"11835" NA
"11835" "11835"
"11836" NA
"11836" "11836"
"11837" NA
"11837" "11837"
"11838" NA
"11838" "11838"
"11839" "feminine"
"11840" NA
"11840" "11840"
"11841" NA
"11841" "11841"
"11842" NA
"11842" "11842"
"11843" NA
"11843" "11843"
"11844" NA
"11844" "11844"
"11845" NA
"11845" "11845"
"11846" NA
"11846" "11846"
"11848" NA
"11848" "11848"
"11849" NA
"11849" "11849"
"11850" NA
"11850" "11850"
"11852" NA
"11852" "11852"
"11853" NA
"11853" "11853"
"11854" NA
"11854" "11854"
"11855" NA
"11855" "11855"
"11856" NA
"11856" "11856"
"11857" NA
"11857" "11857"
"11858" NA
"11858" "11858"
"11859" NA
"11859" "11859"
"11860" NA
"11860" "11860"
"11861" NA
"11861" "11861"
"11862" NA
"11862" "11862"
"11863" NA
"11863" "11863"
"11864" NA
"11864" "11864"
"11865" NA
"11865" "11865"
"11866" NA
"11866" "11866"
"11867" NA
"11867" "11867"
"11870" NA
"11870" "11870"
"11871" NA
"11871" "11871"
"11872" NA
"11872" "11872"
"11873" NA
"11873" "11873"
"11874" NA
"11874" "11874"
"11875" NA
"11875" "11875"
"11876" NA
"11876" "11876"
"11877" NA
"11877" "11877"
"11878" NA
"11878" "11878"
"11879" NA
"11879" "11879"
"11880" NA
"11880" "11880"
"11881" NA
"11881" "11881"
"11882" NA
"11882" "11882"
"11883" NA
"11883" "11883"
"11884" NA
"11884" "11884"
"11886" NA
"11886" "11886"
"11888" NA
"11888" "11888"
"11889" NA
"11889" "11889"
"11890" NA
"11890" "11890"
"11891" NA
"11891" "11891"
"11893" NA
"11893" "11893"
"11895" NA
"11895" "11895"
"11896" NA
"11896" "11896"
"11899" NA
"11899" "11899"
"11900" NA
"11900" "11900"
"11901" NA
"11901" "11901"
"11902" NA
"11902" "11902"
"11903" NA
"11903" "11903"
"11904" NA
"11904" "11904"
"11905" NA
"11905" "11905"
"11906" NA
"11906" "11906"
"11908" NA
"11908" "11908"
"11909" NA
"11909" "11909"
"11910" NA
"11910" "11910"
"11911" NA
"11911" "11911"
"11912" NA
"11912" "11912"
"11913" NA
"11913" "11913"
"11914" NA
"11914" "11914"
"11915" NA
"11915" "11915"
"11916" NA
"11916" "11916"
"11917" NA
"11917" "11917"
"11918" NA
"11918" "11918"
"11919" NA
"11919" "11919"
"11920" NA
"11920" "11920"
"11921" NA
"11921" "11921"
"11922" NA
"11922" "11922"
"11923" NA
"11923" "11923"
"11924" NA
"11924" "11924"
"11925" NA
"11925" "11925"
"11927" NA
"11927" "11927"
"11928" NA
"11928" "11928"
"11929" NA
"11929" "11929"
"11930" NA
"11930" "11930"
"11931" NA
"11931" "11931"
"11932" NA
"11932" "11932"
"11934" NA
"11934" "11934"
"11935" NA
"11935" "11935"
"11938" NA
"11938" "11938"
"11939" NA
"11939" "11939"
"11941" NA
"11941" "11941"
"11943" NA
"11943" "11943"
"11944" NA
"11944" "11944"
"11945" NA
"11945" "11945"
"11946" NA
"11946" "11946"
"11949" NA
"11949" "11949"
"11951" NA
"11951" "11951"
"11952" NA
"11952" "11952"
"11953" NA
"11953" "11953"
"11954" NA
"11954" "11954"
"11956" NA
"11956" "11956"
"11957" NA
"11957" "11957"
"11958" NA
"11958" "11958"
"11961" NA
"11961" "11961"
"11962" NA
"11962" "11962"
"11963" NA
"11963" "11963"
"11964" NA
"11964" "11964"
"11965" NA
"11965" "11965"
"11966" NA
"11966" "11966"
"11967" NA
"11967" "11967"
"11970" NA
"11970" "11970"
"11971" NA
"11971" "11971"
"11972" NA
"11972" "11972"
"11974" NA
"11974" "11974"
"11975" NA
"11975" "11975"
"11976" NA
"11976" "11976"
"11977" NA
"11977" "11977"
"11979" NA
"11979" "11979"
"11981" NA
"11981" "11981"
"11982" NA
"11982" "11982"
"11983" NA
"11983" "11983"
"11984" NA
"11984" "11984"
"11986" NA
"11986" "11986"
"11987" NA
"11987" "11987"
"11988" NA
"11988" "11988"
"11990" NA
"11990" "11990"
"11992" NA
"11992" "11992"
"11993" NA
"11993" "11993"
"11996" NA
"11996" "11996"
"11997" NA
"11997" "11997"
"12001" NA
"12001" "12001"
"12002" NA
"12002" "12002"
"12006" NA
"12006" "12006"
"12007" NA
"12007" "12007"
"12008" NA
"12008" "12008"
"12009" NA
"12009" "12009"
"12010" NA
"12010" "12010"
"12011" NA
"12011" "12011"
"12012" NA
"12012" "12012"
"12014" NA
"12014" "12014"
"12015" NA
"12015" "12015"
"12016" NA
"12016" "12016"
"12017" NA
"12017" "12017"
"12018" NA
"12018" "12018"
"12020" NA
"12020" "12020"
"12021" NA
"12021" "12021"
"12022" NA
"12022" "12022"
"12023" NA
"12023" "12023"
"12024" NA
"12024" "12024"
"12025" NA
"12025" "12025"
"12026" NA
"12026" "12026"
"12027" NA
"12027" "12027"
"12028" NA
"12028" "12028"
"12029" NA
"12029" "12029"
"12031" NA
"12031" "12031"
"12033" NA
"12033" "12033"
"12034" NA
"12034" "12034"
"12035" NA
"12035" "12035"
"12036" NA
"12036" "12036"
"12037" NA
"12037" "12037"
"12038" NA
"12038" "12038"
"12039" NA
"12039" "12039"
"12041" NA
"12041" "12041"
"12042" NA
"12042" "12042"
"12043" NA
"12043" "12043"
"12044" NA
"12044" "12044"
"12046" NA
"12046" "12046"
"12047" NA
"12047" "12047"
"12048" NA
"12048" "12048"
"12050" NA
"12050" "12050"
"12051" NA
"12051" "12051"
"12053" NA
"12053" "12053"
"12054" NA
"12054" "12054"
"12056" NA
"12056" "12056"
"12058" NA
"12058" "12058"
"12059" NA
"12059" "12059"
"12060" NA
"12060" "12060"
"12063" NA
"12063" "12063"
"12064" NA
"12064" "12064"
"12066" NA
"12066" "12066"
"12067" NA
"12067" "12067"
"12069" NA
"12069" "12069"
"12070" NA
"12070" "12070"
"12071" NA
"12071" "12071"
"12072" NA
"12072" "12072"
"12075" NA
"12075" "12075"
"12076" NA
"12076" "12076"
"12077" NA
"12077" "12077"
"12078" NA
"12078" "12078"
"12079" NA
"12079" "12079"
"12080" NA
"12080" "12080"
"12081" NA
"12081" "12081"
"12082" NA
"12082" "12082"
"12083" NA
"12083" "12083"
"12085" NA
"12085" "12085"
"12086" NA
"12086" "12086"
"12087" NA
"12087" "12087"
"12088" NA
"12088" "12088"
"12089" NA
"12089" "12089"
"12090" NA
"12090" "12090"
"12091" NA
"12091" "12091"
"12092" NA
"12092" "12092"
"12093" NA
"12093" "12093"
"12094" NA
"12094" "12094"
"12095" NA
"12095" "12095"
"12096" NA
"12096" "12096"
"12097" NA
"12097" "12097"
"12098" NA
"12098" "12098"
"12100" NA
"12100" "12100"
"12101" NA
"12101" "12101"
"12102" NA
"12102" "12102"
"12103" NA
"12103" "12103"
"12104" NA
"12104" "12104"
"12105" NA
"12105" "12105"
"12106" NA
"12106" "12106"
"12107" NA
"12107" "12107"
"12108" NA
"12108" "12108"
"12109" NA
"12109" "12109"
"12110" NA
"12110" "12110"
"12111" NA
"12111" "12111"
"12115" NA
"12115" "12115"
"12116" NA
"12116" "12116"
"12117" NA
"12117" "12117"
"12118" NA
"12118" "12118"
"12119" NA
"12119" "12119"
"12120" NA
"12120" "12120"
"12121" NA
"12121" "12121"
"12122" NA
"12122" "12122"
"12123" NA
"12123" "12123"
"12124" NA
"12124" "12124"
"12125" NA
"12125" "12125"
"12126" NA
"12126" "12126"
"12127" NA
"12127" "12127"
"12128" NA
"12128" "12128"
"12129" NA
"12129" "12129"
"12130" NA
"12130" "12130"
"12131" NA
"12131" "12131"
"12132" NA
"12132" "12132"
"12133" NA
"12133" "12133"
"12134" NA
"12134" "12134"
"12135" NA
"12135" "12135"
"12136" NA
"12136" "12136"
"12137" NA
"12137" "12137"
"12138" NA
"12138" "12138"
"12139" NA
"12139" "12139"
"12140" NA
"12140" "12140"
"12141" NA
"12141" "12141"
"12142" NA
"12142" "12142"
"12143" NA
"12143" "12143"
"12144" NA
"12144" "12144"
"12145" NA
"12145" "12145"
"12146" NA
"12146" "12146"
"12147" NA
"12147" "12147"
"12151" NA
"12151" "12151"
"12153" NA
"12153" "12153"
"12155" NA
"12155" "12155"
"12156" NA
"12156" "12156"
"12157" NA
"12157" "12157"
"12158" NA
"12158" "12158"
"12159" NA
"12159" "12159"
"12160" NA
"12160" "12160"
"12161" NA
"12161" "12161"
"12163" NA
"12163" "12163"
"12164" NA
"12164" "12164"
"12165" NA
"12165" "12165"
"12166" NA
"12166" "12166"
"12167" NA
"12167" "12167"
"12168" NA
"12168" "12168"
"12170" NA
"12170" "12170"
"12171" NA
"12171" "12171"
"12172" NA
"12172" "12172"
"12173" NA
"12173" "12173"
"12174" NA
"12174" "12174"
"12175" NA
"12175" "12175"
"12177" NA
"12177" "12177"
"12178" NA
"12178" "12178"
"12179" NA
"12179" "12179"
"12180" NA
"12180" "12180"
"12181" NA
"12181" "12181"
"12182" NA
"12182" "12182"
"12183" NA
"12183" "12183"
"12184" NA
"12184" "12184"
"12185" NA
"12185" "12185"
"12186" NA
"12186" "12186"
"12187" NA
"12187" "12187"
"12188" NA
"12188" "12188"
"12189" NA
"12189" "12189"
"12190" NA
"12190" "12190"
"12191" NA
"12191" "12191"
"12192" NA
"12192" "12192"
"12194" NA
"12194" "12194"
"12195" NA
"12195" "12195"
"12196" NA
"12196" "12196"
"12197" NA
"12197" "12197"
"12199" NA
"12199" "12199"
"12200" NA
"12200" "12200"
"12201" NA
"12201" "12201"
"12202" NA
"12202" "12202"
"12203" NA
"12203" "12203"
"12204" NA
"12204" "12204"
"12205" NA
"12205" "12205"
"12206" NA
"12206" "12206"
"12207" NA
"12207" "12207"
"12208" NA
"12208" "12208"
"12209" NA
"12209" "12209"
"12210" NA
"12210" "12210"
"12211" NA
"12211" "12211"
"12212" NA
"12212" "12212"
"12213" NA
"12213" "12213"
"12216" NA
"12216" "12216"
"12217" NA
"12217" "12217"
"12218" NA
"12218" "12218"
"12219" NA
"12219" "12219"
"12220" NA
"12220" "12220"
"12221" NA
"12221" "12221"
"12222" NA
"12222" "12222"
"12223" NA
"12223" "12223"
"12224" NA
"12224" "12224"
"12225" NA
"12225" "12225"
"12226" NA
"12226" "12226"
"12227" "needy"
"12228" NA
"12228" "12228"
"12229" NA
"12229" "12229"
"12230" NA
"12230" "12230"
"12231" NA
"12231" "12231"
"12232" NA
"12232" "12232"
"12233" NA
"12233" "12233"
"12235" NA
"12235" "12235"
"12236" NA
"12236" "12236"
"12237" NA
"12237" "12237"
"12238" NA
"12238" "12238"
"12239" NA
"12239" "12239"
"12240" NA
"12240" "12240"
"12241" NA
"12241" "12241"
"12242" NA
"12242" "12242"
"12243" NA
"12243" "12243"
"12244" NA
"12244" "12244"
"12245" NA
"12245" "12245"
"12247" NA
"12247" "12247"
"12248" NA
"12248" "12248"
"12249" NA
"12249" "12249"
"12250" NA
"12250" "12250"
"12251" NA
"12251" "12251"
"12252" NA
"12252" "12252"
"12253" NA
"12253" "12253"
"12254" NA
"12254" "12254"
"12255" NA
"12255" "12255"
"12256" NA
"12256" "12256"
"12257" NA
"12257" "12257"
"12258" NA
"12258" "12258"
"12259" NA
"12259" "12259"
"12260" NA
"12260" "12260"
"12262" NA
"12262" "12262"
"12264" NA
"12264" "12264"
"12265" NA
"12265" "12265"
"12266" NA
"12266" "12266"
"12267" NA
"12267" "12267"
"12270" NA
"12270" "12270"
"12271" NA
"12271" "12271"
"12273" NA
"12273" "12273"
"12274" NA
"12274" "12274"
"12275" NA
"12275" "12275"
"12276" NA
"12276" "12276"
"12277" NA
"12277" "12277"
"12278" NA
"12278" "12278"
"12280" NA
"12280" "12280"
"12281" NA
"12281" "12281"
"12282" NA
"12282" "12282"
"12283" NA
"12283" "12283"
"12284" NA
"12284" "12284"
"12287" NA
"12287" "12287"
"12288" NA
"12288" "12288"
"12289" NA
"12289" "12289"
"12291" NA
"12291" "12291"
"12292" NA
"12292" "12292"
"12293" NA
"12293" "12293"
"12294" NA
"12294" "12294"
"12295" NA
"12295" "12295"
"12296" NA
"12296" "12296"
"12297" NA
"12297" "12297"
"12298" NA
"12298" "12298"
"12299" NA
"12299" "12299"
"12300" NA
"12300" "12300"
"12302" NA
"12302" "12302"
"12303" NA
"12303" "12303"
"12304" NA
"12304" "12304"
"12305" NA
"12305" "12305"
"12306" NA
"12306" "12306"
"12307" NA
"12307" "12307"
"12308" NA
"12308" "12308"
"12309" NA
"12309" "12309"
"12310" "prosperous"
"12311" NA
"12311" "12311"
"12312" NA
"12312" "12312"
"12313" NA
"12313" "12313"
"12314" NA
"12314" "12314"
"12315" NA
"12315" "12315"
"12316" NA
"12316" "12316"
"12317" NA
"12317" "12317"
"12318" NA
"12318" "12318"
"12319" NA
"12319" "12319"
"12320" NA
"12320" "12320"
"12321" NA
"12321" "12321"
"12322" NA
"12322" "12322"
"12323" NA
"12323" "12323"
"12326" NA
"12326" "12326"
"12327" NA
"12327" "12327"
"12328" NA
"12328" "12328"
"12329" NA
"12329" "12329"
"12330" NA
"12330" "12330"
"12331" NA
"12331" "12331"
"12332" NA
"12332" "12332"
"12334" NA
"12334" "12334"
"12335" NA
"12335" "12335"
"12336" NA
"12336" "12336"
"12337" NA
"12337" "12337"
"12338" NA
"12338" "12338"
"12339" NA
"12339" "12339"
"12340" NA
"12340" "12340"
"12341" NA
"12341" "12341"
"12342" NA
"12342" "12342"
"12344" NA
"12344" "12344"
"12346" NA
"12346" "12346"
"12347" NA
"12347" "12347"
"12348" NA
"12348" "12348"
"12349" NA
"12349" "12349"
"12353" NA
"12353" "12353"
"12354" NA
"12354" "12354"
"12355" NA
"12355" "12355"
"12357" NA
"12357" "12357"
"12358" NA
"12358" "12358"
"12359" NA
"12359" "12359"
"12360" NA
"12360" "12360"
"12363" NA
"12363" "12363"
"12364" NA
"12364" "12364"
"12365" NA
"12365" "12365"
"12368" NA
"12368" "12368"
"12369" NA
"12369" "12369"
"12370" NA
"12370" "12370"
"12372" NA
"12372" "12372"
"12373" NA
"12373" "12373"
"12375" NA
"12375" "12375"
"12376" NA
"12376" "12376"
"12377" NA
"12377" "12377"
"12378" NA
"12378" "12378"
"12381" NA
"12381" "12381"
"12382" NA
"12382" "12382"
"12383" NA
"12383" "12383"
"12384" NA
"12384" "12384"
"12385" NA
"12385" "12385"
"12386" NA
"12386" "12386"
"12388" NA
"12388" "12388"
"12389" NA
"12389" "12389"
"12390" NA
"12390" "12390"
"12391" NA
"12391" "12391"
"12392" NA
"12392" "12392"
"12393" NA
"12393" "12393"
"12394" NA
"12394" "12394"
"12396" NA
"12396" "12396"
"12397" NA
"12397" "12397"
"12398" NA
"12398" "12398"
"12399" NA
"12399" "12399"
"12400" NA
"12400" "12400"
"12401" NA
"12401" "12401"
"12402" NA
"12402" "12402"
"12405" NA
"12405" "12405"
"12406" NA
"12406" "12406"
"12408" NA
"12408" "12408"
"12409" NA
"12409" "12409"
"12410" NA
"12410" "12410"
"12411" NA
"12411" "12411"
"12412" NA
"12412" "12412"
"12413" NA
"12413" "12413"
"12415" NA
"12415" "12415"
"12416" NA
"12416" "12416"
"12417" NA
"12417" "12417"
"12418" NA
"12418" "12418"
"12419" NA
"12419" "12419"
"12421" NA
"12421" "12421"
"12422" NA
"12422" "12422"
"12423" NA
"12423" "12423"
"12424" NA
"12424" "12424"
"12425" NA
"12425" "12425"
"12427" NA
"12427" "12427"
"12428" NA
"12428" "12428"
"12429" NA
"12429" "12429"
"12430" NA
"12430" "12430"
"12431" NA
"12431" "12431"
"12432" NA
"12432" "12432"
"12434" NA
"12434" "12434"
"12436" NA
"12436" "12436"
"12438" NA
"12438" "12438"
"12439" NA
"12439" "12439"
"12440" NA
"12440" "12440"
"12441" NA
"12441" "12441"
"12442" NA
"12442" "12442"
"12443" NA
"12443" "12443"
"12444" NA
"12444" "12444"
"12445" NA
"12445" "12445"
"12446" NA
"12446" "12446"
"12448" "#-useful"
"12449" NA
"12449" "12449"
"12450" NA
"12450" "12450"
"12451" NA
"12451" "12451"
"12452" NA
"12452" "12452"
"12454" NA
"12454" "12454"
"12455" NA
"12455" "12455"
"12456" NA
"12456" "12456"
"12457" NA
"12457" "12457"
"12458" NA
"12458" "12458"
"12459" NA
"12459" "12459"
"12460" NA
"12460" "12460"
"12461" NA
"12461" "12461"
"12462" NA
"12462" "12462"
"12463" NA
"12463" "12463"
"12464" NA
"12464" "12464"
"12465" NA
"12465" "12465"
"12466" NA
"12466" "12466"
"12467" NA
"12467" "12467"
"12469" NA
"12469" "12469"
"12470" NA
"12470" "12470"
"12471" NA
"12471" "12471"
"12472" NA
"12472" "12472"
"12473" NA
"12473" "12473"
"12474" NA
"12474" "12474"
"12477" NA
"12477" "12477"
"12480" NA
"12480" "12480"
"12486" NA
"12486" "12486"
"12487" NA
"12487" "12487"
"12488" NA
"12488" "12488"
"12489" NA
"12489" "12489"
"12491" NA
"12491" "12491"
"12492" NA
"12492" "12492"
"12494" NA
"12494" "12494"
"12495" NA
"12495" "12495"
"12496" NA
"12496" "12496"
"12497" NA
"12497" "12497"
"12498" NA
"12498" "12498"
"12499" NA
"12499" "12499"
"12500" NA
"12500" "12500"
"12501" NA
"12501" "12501"
"12502" NA
"12502" "12502"
"12503" NA
"12503" "12503"
"12504" NA
"12504" "12504"
"12505" NA
"12505" "12505"
"12506" NA
"12506" "12506"
"12507" NA
"12507" "12507"
"12509" NA
"12509" "12509"
"12510" NA
"12510" "12510"
"12511" NA
"12511" "12511"
"12513" NA
"12513" "12513"
"12516" NA
"12516" "12516"
"12517" NA
"12517" "12517"
"12518" NA
"12518" "12518"
"12519" NA
"12519" "12519"
"12522" NA
"12522" "12522"
"12523" NA
"12523" "12523"
"12525" NA
"12525" "12525"
"12526" NA
"12526" "12526"
"12527" NA
"12527" "12527"
"12528" NA
"12528" "12528"
"12529" NA
"12529" "12529"
"12531" NA
"12531" "12531"
"12532" NA
"12532" "12532"
"12533" NA
"12533" "12533"
"12534" NA
"12534" "12534"
"12535" NA
"12535" "12535"
"12536" NA
"12536" "12536"
"12537" NA
"12537" "12537"
"12539" NA
"12539" "12539"
"12540" NA
"12540" "12540"
"12545" NA
"12545" "12545"
"12546" NA
"12546" "12546"
"12548" NA
"12548" "12548"
"12549" NA
"12549" "12549"
"12550" NA
"12550" "12550"
"12551" NA
"12551" "12551"
"12552" NA
"12552" "12552"
"12553" NA
"12553" "12553"
"12554" NA
"12554" "12554"
"12556" NA
"12556" "12556"
"12558" NA
"12558" "12558"
"12559" NA
"12559" "12559"
"12560" NA
"12560" "12560"
"12561" NA
"12561" "12561"
"12562" NA
"12562" "12562"
"12563" NA
"12563" "12563"
"12564" NA
"12564" "12564"
"12565" NA
"12565" "12565"
"12566" NA
"12566" "12566"
"12567" NA
"12567" "12567"
"12568" NA
"12568" "12568"
"12569" NA
"12569" "12569"
"12571" NA
"12571" "12571"
"12574" NA
"12574" "12574"
"12576" NA
"12576" "12576"
"12577" NA
"12577" "12577"
"12578" NA
"12578" "12578"
"12579" NA
"12579" "12579"
"12580" NA
"12580" "12580"
"12581" NA
"12581" "12581"
"12584" NA
"12584" "12584"
"12585" NA
"12585" "12585"
"12588" NA
"12588" "12588"
"12589" NA
"12589" "12589"
"12590" NA
"12590" "12590"
"12591" NA
"12591" "12591"
"12592" NA
"12592" "12592"
"12593" NA
"12593" "12593"
"12594" NA
"12594" "12594"
"12595" NA
"12595" "12595"
"12596" NA
"12596" "12596"
"12597" NA
"12597" "12597"
"12598" NA
"12598" "12598"
"12599" NA
"12599" "12599"
"12600" NA
"12600" "12600"
"12601" NA
"12601" "12601"
"12602" NA
"12602" "12602"
"12603" NA
"12603" "12603"
"12604" NA
"12604" "12604"
"12605" NA
"12605" "12605"
"12606" NA
"12606" "12606"
"12607" NA
"12607" "12607"
"12608" NA
"12608" "12608"
"12609" NA
"12609" "12609"
"12610" NA
"12610" "12610"
"12612" NA
"12612" "12612"
"12613" NA
"12613" "12613"
"12615" NA
"12615" "12615"
"12616" NA
"12616" "12616"
"12617" NA
"12617" "12617"
"12618" NA
"12618" "12618"
"12619" NA
"12619" "12619"
"12620" NA
"12620" "12620"
"12621" NA
"12621" "12621"
"12622" NA
"12622" "12622"
"12623" NA
"12623" "12623"
"12624" NA
"12624" "12624"
"12625" NA
"12625" "12625"
"12626" NA
"12626" "12626"
"12628" NA
"12628" "12628"
"12629" NA
"12629" "12629"
"12630" NA
"12630" "12630"
"12631" NA
"12631" "12631"
"12632" NA
"12632" "12632"
"12633" NA
"12633" "12633"
"12634" NA
"12634" "12634"
"12635" NA
"12635" "12635"
"12636" NA
"12636" "12636"
"12637" NA
"12637" "12637"
"12638" NA
"12638" "12638"
"12639" NA
"12639" "12639"
"12642" NA
"12642" "12642"
"12643" NA
"12643" "12643"
"12645" NA
"12645" "12645"
"12646" NA
"12646" "12646"
"12648" NA
"12648" "12648"
"12649" NA
"12649" "12649"
"12650" NA
"12650" "12650"
"12651" NA
"12651" "12651"
"12652" NA
"12652" "12652"
"12653" NA
"12653" "12653"
"12654" NA
"12654" "12654"
"12655" NA
"12655" "12655"
"12656" NA
"12656" "12656"
"12657" NA
"12657" "12657"
"12658" NA
"12658" "12658"
"12659" NA
"12659" "12659"
"12661" NA
"12661" "12661"
"12662" NA
"12662" "12662"
"12663" NA
"12663" "12663"
"12664" NA
"12664" "12664"
"12666" NA
"12666" "12666"
"12667" NA
"12667" "12667"
"12668" NA
"12668" "12668"
"12669" NA
"12669" "12669"
"12670" NA
"12670" "12670"
"12671" NA
"12671" "12671"
"12672" NA
"12672" "12672"
"12673" NA
"12673" "12673"
"12674" NA
"12674" "12674"
"12675" NA
"12675" "12675"
"12677" NA
"12677" "12677"
"12678" NA
"12678" "12678"
"12680" NA
"12680" "12680"
"12681" NA
"12681" "12681"
"12682" NA
"12682" "12682"
"12683" NA
"12683" "12683"
"12684" NA
"12684" "12684"
"12685" NA
"12685" "12685"
"12686" NA
"12686" "12686"
"12688" NA
"12688" "12688"
"12690" NA
"12690" "12690"
"12693" NA
"12693" "12693"
"12694" NA
"12694" "12694"
"12695" NA
"12695" "12695"
"12698" NA
"12698" "12698"
"12699" NA
"12699" "12699"
"12700" NA
"12700" "12700"
"12701" NA
"12701" "12701"
"12702" NA
"12702" "12702"
"12703" NA
"12703" "12703"
"12704" NA
"12704" "12704"
"12705" NA
"12705" "12705"
"12706" NA
"12706" "12706"
"12707" NA
"12707" "12707"
"12708" NA
"12708" "12708"
"12709" NA
"12709" "12709"
"12710" NA
"12710" "12710"
"12711" NA
"12711" "12711"
"12712" NA
"12712" "12712"
"12713" NA
"12713" "12713"
"12714" NA
"12714" "12714"
"12715" NA
"12715" "12715"
"12716" NA
"12716" "12716"
"12717" NA
"12717" "12717"
"12718" NA
"12718" "12718"
"12719" NA
"12719" "12719"
"12720" NA
"12720" "12720"
"12721" NA
"12721" "12721"
"12722" NA
"12722" "12722"
"12723" NA
"12723" "12723"
"12724" NA
"12724" "12724"
"12726" NA
"12726" "12726"
"12727" NA
"12727" "12727"
"12728" NA
"12728" "12728"
"12729" NA
"12729" "12729"
"12730" NA
"12730" "12730"
"12731" NA
"12731" "12731"
"12732" NA
"12732" "12732"
"12735" NA
"12735" "12735"
"12736" NA
"12736" "12736"
"12737" NA
"12737" "12737"
"12738" NA
"12738" "12738"
"12740" NA
"12740" "12740"
"12741" NA
"12741" "12741"
"12742" NA
"12742" "12742"
"12744" NA
"12744" "12744"
"12745" NA
"12745" "12745"
"12746" NA
"12746" "12746"
"12747" NA
"12747" "12747"
"12748" NA
"12748" "12748"
"12749" NA
"12749" "12749"
"12750" NA
"12750" "12750"
"12751" NA
"12751" "12751"
"12752" NA
"12752" "12752"
"12753" NA
"12753" "12753"
"12754" NA
"12754" "12754"
"12755" NA
"12755" "12755"
"12756" NA
"12756" "12756"
"12757" NA
"12757" "12757"
"12758" NA
"12758" "12758"
"12759" NA
"12759" "12759"
"12760" NA
"12760" "12760"
"12761" NA
"12761" "12761"
"12762" NA
"12762" "12762"
"12763" NA
"12763" "12763"
"12764" NA
"12764" "12764"
"12765" NA
"12765" "12765"
"12767" NA
"12767" "12767"
"12769" NA
"12769" "12769"
"12770" NA
"12770" "12770"
"12771" NA
"12771" "12771"
"12772" NA
"12772" "12772"
"12774" NA
"12774" "12774"
"12776" NA
"12776" "12776"
"12777" NA
"12777" "12777"
"12778" NA
"12778" "12778"
"12779" NA
"12779" "12779"
"12780" NA
"12780" "12780"
"12781" NA
"12781" "12781"
"12782" NA
"12782" "12782"
"12783" NA
"12783" "12783"
"12784" NA
"12784" "12784"
"12786" NA
"12786" "12786"
"12787" NA
"12787" "12787"
"12788" NA
"12788" "12788"
"12789" NA
"12789" "12789"
"12792" NA
"12792" "12792"
"12793" NA
"12793" "12793"
"12794" NA
"12794" "12794"
"12795" NA
"12795" "12795"
"12796" NA
"12796" "12796"
"12797" NA
"12797" "12797"
"12798" NA
"12798" "12798"
"12799" NA
"12799" "12799"
"12800" NA
"12800" "12800"
"12801" NA
"12801" "12801"
"12802" NA
"12802" "12802"
"12806" NA
"12806" "12806"
"12807" NA
"12807" "12807"
"12808" NA
"12808" "12808"
"12810" NA
"12810" "12810"
"12812" NA
"12812" "12812"
"12814" NA
"12814" "12814"
"12815" NA
"12815" "12815"
"12816" NA
"12816" "12816"
"12817" NA
"12817" "12817"
"12818" NA
"12818" "12818"
"12820" NA
"12820" "12820"
"12821" NA
"12821" "12821"
"12822" NA
"12822" "12822"
"12823" NA
"12823" "12823"
"12824" NA
"12824" "12824"
"12825" NA
"12825" "12825"
"12826" NA
"12826" "12826"
"12827" NA
"12827" "12827"
"12828" NA
"12828" "12828"
"12830" NA
"12830" "12830"
"12831" NA
"12831" "12831"
"12832" NA
"12832" "12832"
"12833" NA
"12833" "12833"
"12834" NA
"12834" "12834"
"12835" NA
"12835" "12835"
"12836" NA
"12836" "12836"
"12837" NA
"12837" "12837"
"12838" NA
"12838" "12838"
"12839" NA
"12839" "12839"
"12840" NA
"12840" "12840"
"12841" NA
"12841" "12841"
"12842" NA
"12842" "12842"
"12843" NA
"12843" "12843"
"12844" NA
"12844" "12844"
"12845" NA
"12845" "12845"
"12848" NA
"12848" "12848"
"12849" NA
"12849" "12849"
"12850" NA
"12850" "12850"
"12851" NA
"12851" "12851"
"12852" NA
"12852" "12852"
"12853" NA
"12853" "12853"
"12854" NA
"12854" "12854"
"12857" NA
"12857" "12857"
"12858" NA
"12858" "12858"
"12860" "suspicious"
"12861" NA
"12861" "12861"
"12862" NA
"12862" "12862"
"12863" NA
"12863" "12863"
"12864" NA
"12864" "12864"
"12867" NA
"12867" "12867"
"12868" NA
"12868" "12868"
"12871" NA
"12871" "12871"
"12873" NA
"12873" "12873"
"12874" NA
"12874" "12874"
"12876" NA
"12876" "12876"
"12877" NA
"12877" "12877"
"12878" NA
"12878" "12878"
"12879" NA
"12879" "12879"
"12882" NA
"12882" "12882"
"12883" NA
"12883" "12883"
"12884" NA
"12884" "12884"
"12886" NA
"12886" "12886"
"12888" NA
"12888" "12888"
"12889" NA
"12889" "12889"
"12890" NA
"12890" "12890"
"12891" NA
"12891" "12891"
"12892" NA
"12892" "12892"
"12893" NA
"12893" "12893"
"12894" NA
"12894" "12894"
"12895" NA
"12895" "12895"
"12896" NA
"12896" "12896"
"12897" NA
"12897" "12897"
"12899" NA
"12899" "12899"
"12900" NA
"12900" "12900"
"12901" NA
"12901" "12901"
"12902" NA
"12902" "12902"
"12903" NA
"12903" "12903"
"12904" NA
"12904" "12904"
"12906" NA
"12906" "12906"
"12907" NA
"12907" "12907"
"12908" NA
"12908" "12908"
"12909" NA
"12909" "12909"
"12910" NA
"12910" "12910"
"12911" NA
"12911" "12911"
"12912" NA
"12912" "12912"
"12913" NA
"12913" "12913"
"12914" NA
"12914" "12914"
"12915" NA
"12915" "12915"
"12916" NA
"12916" "12916"
"12917" NA
"12917" "12917"
"12919" NA
"12919" "12919"
"12920" NA
"12920" "12920"
"12921" NA
"12921" "12921"
"12922" NA
"12922" "12922"
"12923" NA
"12923" "12923"
"12924" NA
"12924" "12924"
"12925" NA
"12925" "12925"
"12926" NA
"12926" "12926"
"12929" NA
"12929" "12929"
"12930" NA
"12930" "12930"
"12931" NA
"12931" "12931"
"12932" NA
"12932" "12932"
"12933" NA
"12933" "12933"
"12934" NA
"12934" "12934"
"12935" NA
"12935" "12935"
"12936" NA
"12936" "12936"
"12937" NA
"12937" "12937"
"12940" NA
"12940" "12940"
"12941" NA
"12941" "12941"
"12942" NA
"12942" "12942"
"12943" NA
"12943" "12943"
"12944" NA
"12944" "12944"
"12945" NA
"12945" "12945"
"12946" NA
"12946" "12946"
"12947" NA
"12947" "12947"
"12948" NA
"12948" "12948"
"12949" NA
"12949" "12949"
"12950" NA
"12950" "12950"
"12951" NA
"12951" "12951"
"12952" NA
"12952" "12952"
"12953" NA
"12953" "12953"
"12955" NA
"12955" "12955"
"12956" NA
"12956" "12956"
"12957" NA
"12957" "12957"
"12958" NA
"12958" "12958"
"12959" NA
"12959" "12959"
"12960" NA
"12960" "12960"
"12961" NA
"12961" "12961"
"12962" NA
"12962" "12962"
"12963" NA
"12963" "12963"
"12964" NA
"12964" "12964"
"12965" NA
"12965" "12965"
"12966" NA
"12966" "12966"
"12967" NA
"12967" "12967"
"12968" NA
"12968" "12968"
"12969" NA
"12969" "12969"
"12970" NA
"12970" "12970"
"12972" NA
"12972" "12972"
"12974" NA
"12974" "12974"
"12975" NA
"12975" "12975"
"12976" NA
"12976" "12976"
"12977" NA
"12977" "12977"
"12978" NA
"12978" "12978"
"12979" NA
"12979" "12979"
"12980" NA
"12980" "12980"
"12981" NA
"12981" "12981"
"12982" NA
"12982" "12982"
"12985" NA
"12985" "12985"
"12986" NA
"12986" "12986"
"12988" NA
"12988" "12988"
"12989" NA
"12989" "12989"
"12990" NA
"12990" "12990"
"12992" NA
"12992" "12992"
"12993" NA
"12993" "12993"
"12994" NA
"12994" "12994"
"12995" NA
"12995" "12995"
"12996" "warm-hearted"
"12997" NA
"12997" "12997"
"12998" NA
"12998" "12998"
"12999" NA
"12999" "12999"
"13000" NA
"13000" "13000"
"13001" NA
"13001" "13001"
"13003" NA
"13003" "13003"
"13004" NA
"13004" "13004"
"13005" NA
"13005" "13005"
"13006" NA
"13006" "13006"
"13007" NA
"13007" "13007"
"13008" NA
"13008" "13008"
"13009" NA
"13009" "13009"
"13010" NA
"13010" "13010"
"13011" NA
"13011" "13011"
"13012" NA
"13012" "13012"
"13013" NA
"13013" "13013"
"13014" NA
"13014" "13014"
"13015" NA
"13015" "13015"
"13016" NA
"13016" "13016"
"13017" NA
"13017" "13017"
"13018" NA
"13018" "13018"
"13019" NA
"13019" "13019"
"13021" NA
"13021" "13021"
"13022" NA
"13022" "13022"
"13023" NA
"13023" "13023"
"13025" NA
"13025" "13025"
"13026" NA
"13026" "13026"
"13027" NA
"13027" "13027"
"13028" NA
"13028" "13028"
"13033" NA
"13033" "13033"
"13035" NA
"13035" "13035"
"13037" NA
"13037" "13037"
"13038" NA
"13038" "13038"
"13040" NA
"13040" "13040"
"13041" NA
"13041" "13041"
"13042" NA
"13042" "13042"
"13043" NA
"13043" "13043"
"13044" NA
"13044" "13044"
"13045" NA
"13045" "13045"
"13047" NA
"13047" "13047"
"13048" NA
"13048" "13048"
"13049" NA
"13049" "13049"
"13050" NA
"13050" "13050"
"13051" NA
"13051" "13051"
"13052" NA
"13052" "13052"
"13053" NA
"13053" "13053"
"13054" NA
"13054" "13054"
"13055" NA
"13055" "13055"
"13056" NA
"13056" "13056"
"13058" NA
"13058" "13058"
"13059" NA
"13059" "13059"
"13060" NA
"13060" "13060"
"13062" NA
"13062" "13062"
"13063" NA
"13063" "13063"
"13067" NA
"13067" "13067"
"13068" NA
"13068" "13068"
"13069" NA
"13069" "13069"
"13071" NA
"13071" "13071"
"13074" NA
"13074" "13074"
"13075" NA
"13075" "13075"
"13076" NA
"13076" "13076"
"13077" NA
"13077" "13077"
"13078" NA
"13078" "13078"
"13079" NA
"13079" "13079"
"13081" NA
"13081" "13081"
"13083" NA
"13083" "13083"
"13084" NA
"13084" "13084"
"13085" NA
"13085" "13085"
"13086" NA
"13086" "13086"
"13087" NA
"13087" "13087"
"13089" NA
"13089" "13089"
"13090" NA
"13090" "13090"
"13092" NA
"13092" "13092"
"13096" NA
"13096" "13096"
"13098" NA
"13098" "13098"
"13100" NA
"13100" "13100"
"13101" NA
"13101" "13101"
"13102" NA
"13102" "13102"
"13104" NA
"13104" "13104"
"13105" NA
"13105" "13105"
"13106" NA
"13106" "13106"
"13108" NA
"13108" "13108"
"13111" NA
"13111" "13111"
"13113" NA
"13113" "13113"
"13114" NA
"13114" "13114"
"13115" NA
"13115" "13115"
"13116" NA
"13116" "13116"
"13117" NA
"13117" "13117"
"13118" NA
"13118" "13118"
"13120" NA
"13120" "13120"
"13121" NA
"13121" "13121"
"13122" NA
"13122" "13122"
"13123" NA
"13123" "13123"
"13124" NA
"13124" "13124"
"13126" NA
"13126" "13126"
"13127" NA
"13127" "13127"
"13128" NA
"13128" "13128"
"13129" NA
"13129" "13129"
"13130" NA
"13130" "13130"
"13131" NA
"13131" "13131"
"13132" NA
"13132" "13132"
"13134" NA
"13134" "13134"
"13135" NA
"13135" "13135"
"13136" NA
"13136" "13136"
"13137" NA
"13137" "13137"
"13140" NA
"13140" "13140"
"13141" NA
"13141" "13141"
"13142" NA
"13142" "13142"
"13143" NA
"13143" "13143"
"13144" NA
"13144" "13144"
"13145" NA
"13145" "13145"
"13146" NA
"13146" "13146"
"13147" NA
"13147" "13147"
"13149" NA
"13149" "13149"
"13150" NA
"13150" "13150"
"13152" NA
"13152" "13152"
"13153" NA
"13153" "13153"
"13154" NA
"13154" "13154"
"13156" NA
"13156" "13156"
"13157" NA
"13157" "13157"
"13158" NA
"13158" "13158"
"13159" NA
"13159" "13159"
"13161" "childish"
"13163" NA
"13163" "13163"
"13164" NA
"13164" "13164"
"13170" NA
"13170" "13170"
"13171" NA
"13171" "13171"
"13172" NA
"13172" "13172"
"13173" NA
"13173" "13173"
"13174" NA
"13174" "13174"
"13175" NA
"13175" "13175"
"13177" NA
"13177" "13177"
"13178" NA
"13178" "13178"
"13179" NA
"13179" "13179"
"13180" NA
"13180" "13180"
"13181" NA
"13181" "13181"
"13182" NA
"13182" "13182"
"13183" NA
"13183" "13183"
"13184" NA
"13184" "13184"
"13185" NA
"13185" "13185"
"13186" NA
"13186" "13186"
"13189" NA
"13189" "13189"
"13190" NA
"13190" "13190"
"13192" NA
"13192" "13192"
"13193" NA
"13193" "13193"
"13194" NA
"13194" "13194"
"13195" NA
"13195" "13195"
"13196" NA
"13196" "13196"
"13197" NA
"13197" "13197"
"13198" NA
"13198" "13198"
"13199" NA
"13199" "13199"
"13200" NA
"13200" "13200"
"13201" NA
"13201" "13201"
"13204" NA
"13204" "13204"
"13205" NA
"13205" "13205"
"13206" NA
"13206" "13206"
"13207" NA
"13207" "13207"
"13208" NA
"13208" "13208"
"13209" NA
"13209" "13209"
"13210" NA
"13210" "13210"
"13211" NA
"13211" "13211"
"13212" NA
"13212" "13212"
"13214" NA
"13214" "13214"
"13215" NA
"13215" "13215"
"13216" NA
"13216" "13216"
"13217" NA
"13217" "13217"
"13219" NA
"13219" "13219"
"13220" NA
"13220" "13220"
"13222" NA
"13222" "13222"
"13223" NA
"13223" "13223"
"13224" NA
"13224" "13224"
"13225" NA
"13225" "13225"
"13226" NA
"13226" "13226"
"13227" NA
"13227" "13227"
"13228" NA
"13228" "13228"
"13229" NA
"13229" "13229"
"13230" NA
"13230" "13230"
"13231" NA
"13231" "13231"
"13235" NA
"13235" "13235"
"13236" NA
"13236" "13236"
"13237" NA
"13237" "13237"
"13240" NA
"13240" "13240"
"13241" NA
"13241" "13241"
"13242" NA
"13242" "13242"
"13243" NA
"13243" "13243"
"13244" NA
"13244" "13244"
"13246" NA
"13246" "13246"
"13247" NA
"13247" "13247"
"13248" NA
"13248" "13248"
"13250" NA
"13250" "13250"
"13251" NA
"13251" "13251"
"13253" NA
"13253" "13253"
"13254" NA
"13254" "13254"
"13256" NA
"13256" "13256"
"13257" NA
"13257" "13257"
"13258" NA
"13258" "13258"
"13259" NA
"13259" "13259"
"13261" NA
"13261" "13261"
"13262" NA
"13262" "13262"
"13264" NA
"13264" "13264"
"13266" NA
"13266" "13266"
"13267" NA
"13267" "13267"
"13269" NA
"13269" "13269"
"13271" NA
"13271" "13271"
"13272" NA
"13272" "13272"
"13275" NA
"13275" "13275"
"13276" NA
"13276" "13276"
"13277" NA
"13277" "13277"
"13278" NA
"13278" "13278"
"13280" NA
"13280" "13280"
"13281" NA
"13281" "13281"
"13282" NA
"13282" "13282"
"13285" NA
"13285" "13285"
"13286" NA
"13286" "13286"
"13287" NA
"13287" "13287"
"13288" NA
"13288" "13288"
"13290" NA
"13290" "13290"
"13292" NA
"13292" "13292"
"13293" NA
"13293" "13293"
"13294" NA
"13294" "13294"
"13295" NA
"13295" "13295"
"13296" NA
"13296" "13296"
"13297" NA
"13297" "13297"
"13298" NA
"13298" "13298"
"13300" NA
"13300" "13300"
"13301" NA
"13301" "13301"
"13302" NA
"13302" "13302"
"13304" NA
"13304" "13304"
"13306" NA
"13306" "13306"
"13307" NA
"13307" "13307"
"13309" NA
"13309" "13309"
"13310" NA
"13310" "13310"
"13311" NA
"13311" "13311"
"13312" NA
"13312" "13312"
"13313" NA
"13313" "13313"
"13314" NA
"13314" "13314"
"13315" NA
"13315" "13315"
"13316" NA
"13316" "13316"
"13317" NA
"13317" "13317"
"13318" NA
"13318" "13318"
"13319" NA
"13319" "13319"
"13320" NA
"13320" "13320"
"13321" NA
"13321" "13321"
"13322" NA
"13322" "13322"
"13323" NA
"13323" "13323"
"13324" NA
"13324" "13324"
"13326" NA
"13326" "13326"
"13327" NA
"13327" "13327"
"13328" NA
"13328" "13328"
"13330" NA
"13330" "13330"
"13333" NA
"13333" "13333"
"13334" NA
"13334" "13334"
"13335" NA
"13335" "13335"
"13336" NA
"13336" "13336"
"13337" NA
"13337" "13337"
"13338" NA
"13338" "13338"
"13339" NA
"13339" "13339"
"13340" NA
"13340" "13340"
"13341" NA
"13341" "13341"
"13342" NA
"13342" "13342"
"13343" NA
"13343" "13343"
"13344" NA
"13344" "13344"
"13345" NA
"13345" "13345"
"13347" NA
"13347" "13347"
"13348" NA
"13348" "13348"
"13349" NA
"13349" "13349"
"13350" NA
"13350" "13350"
"13351" NA
"13351" "13351"
"13352" NA
"13352" "13352"
"13353" NA
"13353" "13353"
"13354" NA
"13354" "13354"
"13356" NA
"13356" "13356"
"13357" NA
"13357" "13357"
"13358" NA
"13358" "13358"
"13359" NA
"13359" "13359"
"13362" NA
"13362" "13362"
"13363" NA
"13363" "13363"
"13365" NA
"13365" "13365"
"13366" NA
"13366" "13366"
"13367" NA
"13367" "13367"
"13368" NA
"13368" "13368"
"13369" NA
"13369" "13369"
"13370" NA
"13370" "13370"
"13371" NA
"13371" "13371"
"13372" NA
"13372" "13372"
"13373" NA
"13373" "13373"
"13374" NA
"13374" "13374"
"13375" NA
"13375" "13375"
"13376" NA
"13376" "13376"
"13377" NA
"13377" "13377"
"13379" NA
"13379" "13379"
"13380" NA
"13380" "13380"
"13381" NA
"13381" "13381"
"13382" NA
"13382" "13382"
"13383" NA
"13383" "13383"
"13384" NA
"13384" "13384"
"13386" NA
"13386" "13386"
"13387" NA
"13387" "13387"
"13389" NA
"13389" "13389"
"13391" NA
"13391" "13391"
"13392" NA
"13392" "13392"
"13393" NA
"13393" "13393"
"13394" NA
"13394" "13394"
"13396" NA
"13396" "13396"
"13397" NA
"13397" "13397"
"13399" NA
"13399" "13399"
"13400" NA
"13400" "13400"
"13401" NA
"13401" "13401"
"13402" NA
"13402" "13402"
"13403" NA
"13403" "13403"
"13404" NA
"13404" "13404"
"13406" NA
"13406" "13406"
"13408" NA
"13408" "13408"
"13409" NA
"13409" "13409"
"13410" NA
"13410" "13410"
"13411" NA
"13411" "13411"
"13412" NA
"13412" "13412"
"13413" NA
"13413" "13413"
"13414" NA
"13414" "13414"
"13415" NA
"13415" "13415"
"13416" NA
"13416" "13416"
"13418" NA
"13418" "13418"
"13420" NA
"13420" "13420"
"13421" NA
"13421" "13421"
"13422" NA
"13422" "13422"
"13424" NA
"13424" "13424"
"13426" NA
"13426" "13426"
"13427" NA
"13427" "13427"
"13429" NA
"13429" "13429"
"13430" NA
"13430" "13430"
"13431" NA
"13431" "13431"
"13433" NA
"13433" "13433"
"13434" NA
"13434" "13434"
"13435" NA
"13435" "13435"
"13436" NA
"13436" "13436"
"13437" NA
"13437" "13437"
"13438" NA
"13438" "13438"
"13439" NA
"13439" "13439"
"13440" NA
"13440" "13440"
"13441" NA
"13441" "13441"
"13442" NA
"13442" "13442"
"13443" NA
"13443" "13443"
"13444" NA
"13444" "13444"
"13445" NA
"13445" "13445"
"13446" NA
"13446" "13446"
"13447" NA
"13447" "13447"
"13448" NA
"13448" "13448"
"13450" NA
"13450" "13450"
"13451" NA
"13451" "13451"
"13454" NA
"13454" "13454"
"13455" NA
"13455" "13455"
"13456" NA
"13456" "13456"
"13457" NA
"13457" "13457"
"13458" NA
"13458" "13458"
"13459" NA
"13459" "13459"
"13460" NA
"13460" "13460"
"13461" NA
"13461" "13461"
"13462" NA
"13462" "13462"
"13465" NA
"13465" "13465"
"13466" NA
"13466" "13466"
"13467" NA
"13467" "13467"
"13468" NA
"13468" "13468"
"13469" NA
"13469" "13469"
"13470" NA
"13470" "13470"
"13471" NA
"13471" "13471"
"13473" NA
"13473" "13473"
"13475" NA
"13475" "13475"
"13476" NA
"13476" "13476"
"13477" NA
"13477" "13477"
"13480" NA
"13480" "13480"
"13482" NA
"13482" "13482"
"13483" NA
"13483" "13483"
"13484" NA
"13484" "13484"
"13486" NA
"13486" "13486"
"13487" NA
"13487" "13487"
"13488" NA
"13488" "13488"
"13490" NA
"13490" "13490"
"13491" NA
"13491" "13491"
"13493" NA
"13493" "13493"
"13494" NA
"13494" "13494"
"13495" NA
"13495" "13495"
"13496" NA
"13496" "13496"
"13499" NA
"13499" "13499"
"13500" NA
"13500" "13500"
"13501" NA
"13501" "13501"
"13502" NA
"13502" "13502"
"13503" NA
"13503" "13503"
"13504" NA
"13504" "13504"
"13507" NA
"13507" "13507"
"13508" NA
"13508" "13508"
"13509" NA
"13509" "13509"
"13510" NA
"13510" "13510"
"13513" NA
"13513" "13513"
"13514" NA
"13514" "13514"
"13515" NA
"13515" "13515"
"13516" NA
"13516" "13516"
"13517" NA
"13517" "13517"
"13518" NA
"13518" "13518"
"13519" NA
"13519" "13519"
"13522" NA
"13522" "13522"
"13523" NA
"13523" "13523"
"13524" NA
"13524" "13524"
"13525" NA
"13525" "13525"
"13526" NA
"13526" "13526"
"13527" NA
"13527" "13527"
"13528" NA
"13528" "13528"
"13529" NA
"13529" "13529"
"13531" NA
"13531" "13531"
"13532" NA
"13532" "13532"
"13533" NA
"13533" "13533"
"13534" NA
"13534" "13534"
"13535" NA
"13535" "13535"
"13536" NA
"13536" "13536"
"13538" NA
"13538" "13538"
"13539" NA
"13539" "13539"
"13541" NA
"13541" "13541"
"13542" NA
"13542" "13542"
"13543" NA
"13543" "13543"
"13544" NA
"13544" "13544"
"13545" NA
"13545" "13545"
"13546" NA
"13546" "13546"
"13547" NA
"13547" "13547"
"13548" NA
"13548" "13548"
"13549" NA
"13549" "13549"
"13550" NA
"13550" "13550"
"13552" NA
"13552" "13552"
"13553" NA
"13553" "13553"
"13554" NA
"13554" "13554"
"13555" NA
"13555" "13555"
"13556" NA
"13556" "13556"
"13558" NA
"13558" "13558"
"13560" NA
"13560" "13560"
"13561" NA
"13561" "13561"
"13563" NA
"13563" "13563"
"13564" NA
"13564" "13564"
"13565" NA
"13565" "13565"
"13567" NA
"13567" "13567"
"13568" NA
"13568" "13568"
"13571" NA
"13571" "13571"
"13572" NA
"13572" "13572"
"13573" NA
"13573" "13573"
"13574" NA
"13574" "13574"
"13575" NA
"13575" "13575"
"13576" NA
"13576" "13576"
"13577" NA
"13577" "13577"
"13578" "good-for-nothing"
"13579" NA
"13579" "13579"
"13580" NA
"13580" "13580"
"13582" NA
"13582" "13582"
"13583" NA
"13583" "13583"
"13585" NA
"13585" "13585"
"13586" NA
"13586" "13586"
"13588" NA
"13588" "13588"
"13589" NA
"13589" "13589"
"13590" NA
"13590" "13590"
"13591" NA
"13591" "13591"
"13592" NA
"13592" "13592"
"13594" NA
"13594" "13594"
"13595" NA
"13595" "13595"
"13596" NA
"13596" "13596"
"13597" NA
"13597" "13597"
"13598" NA
"13598" "13598"
"13599" NA
"13599" "13599"
"13600" NA
"13600" "13600"
"13601" NA
"13601" "13601"
"13602" NA
"13602" "13602"
"13603" NA
"13603" "13603"
"13604" NA
"13604" "13604"
"13606" NA
"13606" "13606"
"13608" NA
"13608" "13608"
"13609" NA
"13609" "13609"
"13611" NA
"13611" "13611"
"13612" NA
"13612" "13612"
"13615" NA
"13615" "13615"
"13617" NA
"13617" "13617"
"13618" NA
"13618" "13618"
"13619" NA
"13619" "13619"
"13620" NA
"13620" "13620"
"13621" NA
"13621" "13621"
"13622" NA
"13622" "13622"
"13623" NA
"13623" "13623"
"13624" NA
"13624" "13624"
"13625" NA
"13625" "13625"
"13626" NA
"13626" "13626"
"13627" NA
"13627" "13627"
"13628" NA
"13628" "13628"
"13629" NA
"13629" "13629"
"13630" NA
"13630" "13630"
"13631" NA
"13631" "13631"
"13632" NA
"13632" "13632"
"13634" NA
"13634" "13634"
"13635" NA
"13635" "13635"
"13636" NA
"13636" "13636"
"13637" NA
"13637" "13637"
"13638" NA
"13638" "13638"
"13639" NA
"13639" "13639"
"13640" NA
"13640" "13640"
"13641" NA
"13641" "13641"
"13642" NA
"13642" "13642"
"13643" NA
"13643" "13643"
"13644" NA
"13644" "13644"
"13645" NA
"13645" "13645"
"13646" NA
"13646" "13646"
"13649" NA
"13649" "13649"
"13652" NA
"13652" "13652"
"13653" NA
"13653" "13653"
"13654" NA
"13654" "13654"
"13656" NA
"13656" "13656"
"13657" NA
"13657" "13657"
"13659" NA
"13659" "13659"
"13660" NA
"13660" "13660"
"13661" NA
"13661" "13661"
"13662" NA
"13662" "13662"
"13663" NA
"13663" "13663"
"13664" NA
"13664" "13664"
"13665" NA
"13665" "13665"
"13666" NA
"13666" "13666"
"13669" NA
"13669" "13669"
"13670" NA
"13670" "13670"
"13671" NA
"13671" "13671"
"13672" NA
"13672" "13672"
"13673" NA
"13673" "13673"
"13674" NA
"13674" "13674"
"13676" NA
"13676" "13676"
"13677" NA
"13677" "13677"
"13678" NA
"13678" "13678"
"13679" NA
"13679" "13679"
"13680" NA
"13680" "13680"
"13681" NA
"13681" "13681"
"13682" NA
"13682" "13682"
"13683" NA
"13683" "13683"
"13684" NA
"13684" "13684"
"13685" NA
"13685" "13685"
"13686" NA
"13686" "13686"
"13687" NA
"13687" "13687"
"13690" NA
"13690" "13690"
"13691" NA
"13691" "13691"
"13692" NA
"13692" "13692"
"13693" NA
"13693" "13693"
"13694" NA
"13694" "13694"
"13695" NA
"13695" "13695"
"13696" NA
"13696" "13696"
"13697" NA
"13697" "13697"
"13698" NA
"13698" "13698"
"13700" NA
"13700" "13700"
"13702" NA
"13702" "13702"
"13705" NA
"13705" "13705"
"13706" NA
"13706" "13706"
"13707" NA
"13707" "13707"
"13708" NA
"13708" "13708"
"13709" NA
"13709" "13709"
"13710" NA
"13710" "13710"
"13711" NA
"13711" "13711"
"13712" NA
"13712" "13712"
"13713" NA
"13713" "13713"
"13715" NA
"13715" "13715"
"13718" NA
"13718" "13718"
"13720" NA
"13720" "13720"
"13721" NA
"13721" "13721"
"13723" NA
"13723" "13723"
"13728" NA
"13728" "13728"
"13729" NA
"13729" "13729"
"13731" NA
"13731" "13731"
"13733" NA
"13733" "13733"
"13734" NA
"13734" "13734"
"13736" NA
"13736" "13736"
"13737" NA
"13737" "13737"
"13738" NA
"13738" "13738"
"13740" NA
"13740" "13740"
"13741" NA
"13741" "13741"
